84 89 
90 2 
79 3 
36 50 
54 8 
25 32 
37 65 
7 7 
74 72 
3 91 
72 33 
97 91 
60 37 
63 29 
0 68 
85 36 
57 27 
90 88 
82 27 
39 36 
87 16 
21 24 
34 80 
83 8 
52 86 
51 25 
20 0 
68 80 
37 32 
9 89 
0 46 
25 10 
73 16 
98 7 
95 89 
44 82 
6 17 
6 40 
97 89 
0 2 
28 3 
79 48 
3 47 
28 40 
31 89 
82 84 
88 7 
94 13 
75 44 
21 70 
34 65 
4 40 
34 10 
32 31 
52 84 
33 80 
87 64 
80 42 
12 60 
34 43 
1 16 
27 89 
76 73 
3 51 
18 24 
74 52 
41 78 
44 75 
41 28 
58 93 
12 92 
25 51 
8 57 
45 20 
17 79 
16 18 
48 95 
60 24 
69 63 
75 87 
87 1 
39 80 
80 35 
55 21 
63 13 
66 27 
57 43 
78 66 
0 23 
38 69 
54 54 
39 2 
50 99 
26 19 
62 54 
58 1 
55 49 
81 87 
84 36 
8 47 
