55 94 
31 27 
60 59 
73 46 
9 9 
45 75 
30 49 
75 28 
11 90 
51 1 
95 84 
82 46 
79 66 
13 10 
29 67 
6 85 
61 89 
64 21 
48 89 
20 9 
99 65 
84 81 
66 11 
9 77 
1 12 
78 96 
96 61 
95 28 
79 60 
38 61 
27 44 
46 41 
85 62 
14 33 
4 86 
94 3 
51 78 
36 17 
41 97 
46 42 
9 25 
91 6 
38 38 
34 17 
98 24 
30 78 
68 76 
71 53 
91 37 
38 95 
24 32 
50 27 
62 38 
97 3 
35 43 
97 44 
20 40 
2 10 
78 88 
28 29 
12 58 
59 32 
87 82 
37 30 
19 75 
77 95 
59 79 
23 73 
17 72 
28 52 
67 26 
48 88 
66 51 
98 97 
91 78 
78 4 
89 37 
36 28 
19 74 
10 90 
1 87 
86 13 
18 61 
86 35 
85 15 
39 52 
93 39 
92 11 
42 91 
60 34 
21 38 
38 62 
27 26 
90 46 
52 0 
89 6 
39 27 
19 57 
88 57 
44 73 
