57 90 
53 79 
71 88 
11 30 
0 88 
29 18 
19 96 
14 16 
30 25 
12 26 
95 10 
72 70 
69 41 
43 98 
61 61 
38 70 
51 91 
1 22 
79 12 
53 80 
53 34 
50 72 
82 16 
40 65 
93 5 
91 89 
15 64 
11 36 
57 54 
35 70 
15 73 
40 67 
64 41 
41 96 
6 46 
28 59 
81 30 
83 15 
46 75 
80 40 
80 72 
81 47 
36 92 
84 45 
99 71 
16 66 
44 56 
85 60 
50 27 
8 56 
73 36 
67 6 
66 2 
22 65 
77 2 
5 10 
74 38 
57 62 
82 93 
8 33 
64 76 
0 60 
32 85 
21 34 
64 81 
90 38 
18 9 
44 36 
11 18 
1 41 
21 58 
51 47 
96 60 
10 79 
54 70 
64 70 
46 64 
83 30 
2 56 
65 66 
37 7 
4 55 
17 1 
92 80 
19 45 
21 92 
4 24 
40 0 
85 2 
31 91 
72 96 
13 70 
12 96 
0 14 
52 17 
81 90 
77 37 
45 46 
90 89 
26 10 
