60 33 
50 69 
88 62 
27 51 
21 16 
32 0 
82 29 
76 15 
54 15 
34 40 
47 73 
50 88 
45 7 
19 94 
54 68 
73 66 
2 75 
36 90 
37 15 
93 10 
83 25 
11 65 
54 39 
80 61 
54 66 
53 1 
40 3 
42 37 
10 61 
83 17 
82 56 
35 84 
83 71 
26 73 
38 71 
83 21 
96 94 
86 2 
34 19 
15 40 
85 68 
94 77 
23 36 
66 86 
97 49 
3 79 
57 38 
15 93 
62 93 
66 52 
64 49 
26 12 
44 64 
15 30 
83 30 
70 21 
51 64 
50 74 
52 69 
60 50 
70 15 
81 80 
6 49 
73 20 
42 39 
72 7 
40 50 
19 84 
15 86 
66 50 
69 37 
23 72 
53 74 
46 6 
95 59 
8 65 
26 41 
97 32 
90 70 
4 33 
61 29 
92 2 
79 63 
38 94 
2 5 
97 71 
94 20 
95 99 
94 93 
5 41 
52 65 
7 31 
7 56 
63 97 
79 20 
30 40 
49 74 
94 28 
38 33 
75 40 
