86 34 
12 14 
19 18 
8 34 
35 79 
12 13 
29 48 
94 55 
31 2 
36 29 
28 9 
40 51 
4 39 
92 84 
83 65 
75 69 
99 87 
83 71 
6 43 
57 93 
22 69 
58 52 
69 52 
7 0 
7 43 
81 87 
4 74 
38 8 
13 82 
92 48 
47 19 
70 99 
7 53 
22 65 
97 79 
58 71 
49 68 
23 70 
72 30 
23 79 
25 4 
66 81 
78 56 
89 43 
39 34 
92 38 
53 62 
89 12 
67 11 
77 16 
91 87 
88 92 
55 11 
62 28 
94 85 
59 19 
90 26 
53 20 
82 42 
16 73 
28 60 
12 34 
22 1 
46 41 
65 76 
10 56 
15 98 
0 71 
61 62 
51 7 
0 62 
79 90 
88 32 
62 23 
26 78 
48 55 
38 12 
41 12 
66 87 
6 31 
15 16 
39 31 
14 39 
54 27 
1 5 
87 1 
19 66 
43 8 
98 58 
83 76 
36 83 
83 27 
96 24 
39 62 
12 45 
93 79 
61 32 
10 27 
23 64 
7 76 
