68 47 
88 26 
87 73 
88 97 
75 0 
26 3 
5 23 
0 38 
50 78 
75 58 
11 80 
65 4 
23 54 
29 53 
84 98 
0 52 
46 88 
31 85 
13 19 
82 89 
71 8 
44 28 
32 45 
66 34 
75 42 
45 38 
22 10 
42 97 
64 24 
51 0 
74 51 
5 20 
91 36 
5 4 
7 40 
45 78 
48 90 
6 32 
87 73 
67 62 
67 12 
53 89 
74 47 
87 91 
71 90 
91 98 
41 96 
18 84 
84 76 
40 91 
16 86 
69 16 
28 76 
49 67 
49 68 
81 68 
32 34 
9 6 
82 96 
97 5 
38 41 
3 31 
89 74 
15 74 
2 56 
65 70 
94 87 
86 74 
63 87 
41 64 
7 22 
32 39 
9 41 
46 91 
90 95 
96 28 
88 52 
60 78 
26 27 
4 80 
35 69 
50 29 
56 88 
55 71 
76 96 
35 83 
71 67 
75 80 
61 73 
23 51 
68 71 
79 9 
23 91 
87 1 
19 91 
81 54 
12 83 
36 21 
72 91 
92 0 
