6 19 
56 76 
15 69 
85 1 
86 35 
42 17 
70 92 
66 39 
76 59 
55 1 
44 78 
7 54 
5 86 
25 85 
6 88 
66 64 
59 22 
41 75 
91 78 
28 29 
14 71 
99 36 
63 65 
76 91 
76 83 
92 20 
61 52 
74 18 
38 51 
4 96 
40 70 
61 99 
45 54 
26 88 
32 55 
18 98 
78 17 
35 41 
34 63 
32 10 
46 77 
82 59 
29 9 
78 19 
60 82 
15 0 
4 28 
52 49 
34 30 
38 19 
85 56 
17 63 
25 4 
56 59 
67 89 
69 65 
18 3 
25 99 
12 55 
18 73 
37 85 
73 93 
66 77 
43 0 
8 81 
71 45 
89 89 
61 14 
45 17 
73 65 
58 94 
30 76 
49 7 
75 62 
62 45 
35 51 
83 60 
45 49 
90 88 
1 98 
21 73 
43 10 
14 56 
76 11 
74 1 
76 32 
47 7 
61 96 
14 88 
58 77 
34 45 
28 17 
6 73 
18 96 
13 71 
46 86 
44 41 
48 10 
98 24 
22 72 
