71 34 
17 25 
59 62 
65 30 
85 49 
76 56 
17 22 
98 1 
98 82 
67 93 
15 56 
24 67 
77 11 
85 99 
47 99 
9 71 
85 78 
96 45 
40 62 
27 77 
63 4 
34 81 
78 32 
34 76 
14 2 
21 81 
10 97 
48 40 
60 85 
39 7 
84 48 
78 22 
79 75 
67 71 
89 46 
49 52 
50 83 
33 28 
15 20 
56 81 
74 77 
15 84 
74 15 
24 34 
1 63 
94 85 
64 72 
7 43 
99 26 
14 88 
73 15 
41 75 
98 26 
56 65 
98 12 
99 72 
42 14 
57 68 
29 33 
55 30 
49 49 
68 13 
73 27 
8 73 
6 74 
13 31 
90 54 
6 40 
33 62 
6 31 
27 5 
56 21 
71 65 
89 0 
98 96 
83 47 
97 51 
12 71 
30 72 
96 36 
47 61 
67 89 
16 26 
29 1 
40 87 
84 67 
44 40 
40 15 
5 30 
68 56 
78 3 
3 76 
54 68 
99 36 
40 47 
73 87 
8 92 
28 76 
18 58 
29 59 
