19 66 
97 75 
25 19 
93 53 
6 56 
40 62 
86 57 
18 75 
76 62 
80 51 
57 43 
26 89 
44 83 
8 26 
67 44 
51 87 
10 48 
14 87 
19 8 
40 25 
16 80 
40 2 
90 58 
29 66 
73 61 
69 82 
5 96 
71 49 
79 79 
27 47 
23 78 
86 86 
79 0 
73 98 
8 66 
76 76 
98 16 
79 40 
26 60 
6 51 
22 28 
33 27 
24 4 
28 3 
84 55 
2 59 
85 88 
97 64 
41 71 
15 1 
89 43 
78 39 
59 9 
80 37 
69 38 
89 91 
66 22 
70 90 
27 50 
46 63 
57 48 
74 43 
89 72 
7 30 
95 74 
31 36 
17 61 
75 28 
70 55 
66 40 
94 7 
83 60 
29 6 
51 8 
56 97 
23 14 
97 98 
57 86 
22 16 
16 17 
91 0 
53 8 
61 28 
89 32 
84 55 
24 30 
62 59 
90 43 
65 93 
52 22 
42 75 
36 40 
25 45 
78 47 
61 47 
16 4 
47 21 
65 60 
2 54 
92 86 
