9 10 
25 53 
84 14 
55 25 
7 49 
67 88 
13 77 
15 2 
94 69 
48 76 
21 18 
55 92 
3 80 
43 27 
80 27 
26 41 
38 51 
95 22 
17 50 
47 24 
51 66 
13 64 
43 28 
18 38 
50 66 
66 71 
37 21 
63 40 
1 7 
67 33 
86 93 
74 24 
96 69 
98 65 
71 97 
42 22 
16 7 
86 59 
87 4 
49 37 
23 67 
8 60 
88 24 
0 41 
31 20 
74 17 
65 1 
94 14 
70 44 
79 42 
42 73 
64 58 
80 3 
69 68 
59 71 
5 82 
38 66 
94 79 
90 47 
72 21 
67 99 
90 84 
0 36 
50 70 
81 30 
12 75 
55 29 
85 36 
32 54 
4 91 
77 61 
26 16 
27 20 
95 17 
67 19 
90 86 
18 33 
71 18 
69 21 
89 2 
3 53 
77 11 
82 62 
47 14 
69 3 
58 46 
64 84 
62 92 
4 9 
61 24 
29 52 
10 99 
85 33 
18 6 
7 59 
9 62 
64 38 
73 47 
53 20 
13 22 
