86 26 
79 96 
38 40 
70 98 
31 14 
22 84 
87 84 
12 81 
85 34 
65 62 
67 53 
22 31 
63 10 
99 74 
58 14 
80 96 
40 59 
44 79 
51 14 
29 82 
80 51 
18 19 
87 30 
1 72 
17 18 
87 36 
71 61 
67 34 
71 18 
60 81 
33 93 
29 73 
4 73 
4 8 
40 33 
90 20 
36 61 
92 24 
43 93 
48 60 
11 87 
96 34 
48 15 
20 71 
86 81 
52 19 
26 81 
44 82 
7 1 
90 99 
34 33 
19 23 
94 63 
47 37 
8 95 
50 19 
35 98 
5 83 
14 26 
55 52 
59 59 
71 85 
93 67 
67 0 
68 10 
99 55 
43 70 
78 37 
34 77 
26 94 
24 76 
14 59 
27 71 
95 41 
97 50 
93 56 
61 16 
93 54 
35 13 
54 56 
23 5 
11 66 
28 41 
55 14 
70 81 
8 94 
10 74 
6 37 
46 1 
30 43 
3 75 
52 16 
43 45 
71 78 
58 77 
34 33 
83 97 
99 63 
90 6 
77 60 
