54 53 
25 82 
8 94 
80 97 
18 91 
99 99 
64 9 
66 0 
7 55 
27 70 
9 76 
77 95 
73 32 
3 60 
95 54 
34 1 
59 11 
35 68 
58 68 
17 76 
11 68 
27 75 
77 94 
75 37 
1 54 
7 10 
31 85 
57 4 
69 61 
16 16 
67 2 
17 27 
14 53 
47 72 
73 64 
0 84 
32 28 
60 61 
22 87 
50 75 
42 58 
38 25 
95 95 
81 64 
8 97 
81 28 
99 98 
7 65 
3 54 
89 28 
70 90 
13 54 
70 73 
67 44 
60 18 
19 54 
76 57 
79 23 
5 60 
87 13 
9 68 
41 61 
19 0 
26 74 
54 68 
3 76 
10 16 
82 80 
41 50 
24 53 
20 95 
8 96 
53 39 
19 58 
52 58 
23 61 
27 17 
74 98 
17 1 
24 24 
21 27 
52 31 
95 35 
11 36 
85 87 
42 5 
82 50 
53 87 
41 24 
97 93 
34 21 
7 13 
90 81 
11 59 
34 36 
83 55 
15 36 
38 63 
71 1 
51 8 
