99 22 
77 44 
70 1 
40 3 
22 48 
52 41 
18 35 
31 35 
42 68 
24 68 
38 17 
83 0 
11 87 
45 22 
26 65 
24 77 
39 53 
73 9 
54 14 
64 76 
62 69 
69 32 
4 52 
68 46 
21 44 
66 11 
62 49 
63 25 
36 9 
47 14 
74 23 
91 13 
76 65 
74 82 
79 39 
10 93 
60 80 
78 64 
32 46 
10 53 
42 28 
17 56 
77 80 
82 65 
89 81 
80 63 
5 23 
28 33 
40 3 
68 19 
94 78 
65 54 
58 43 
18 43 
41 80 
48 35 
60 65 
92 89 
46 74 
54 35 
55 86 
51 12 
62 79 
98 2 
34 66 
74 80 
44 91 
34 3 
34 4 
98 27 
36 46 
62 96 
12 6 
85 10 
80 92 
45 88 
30 48 
0 92 
80 98 
47 14 
16 21 
95 61 
12 81 
16 98 
86 14 
77 74 
60 91 
23 24 
98 60 
34 30 
52 32 
18 35 
80 71 
79 12 
21 26 
27 38 
99 74 
99 11 
7 15 
61 45 
