7 78 
72 11 
99 35 
6 80 
61 94 
7 30 
60 65 
19 98 
12 78 
21 61 
83 95 
36 26 
45 62 
16 53 
86 62 
71 93 
92 95 
56 92 
82 14 
72 44 
8 79 
74 21 
97 45 
19 9 
23 92 
70 58 
88 58 
85 85 
21 53 
39 59 
67 62 
5 60 
57 13 
52 39 
28 76 
83 36 
8 10 
9 5 
55 80 
66 31 
73 89 
89 13 
99 26 
98 72 
32 37 
32 99 
99 89 
11 8 
2 63 
48 82 
92 83 
19 0 
93 80 
57 49 
61 75 
80 34 
16 21 
99 16 
48 97 
88 80 
87 72 
31 38 
13 43 
47 16 
58 95 
50 50 
78 69 
2 24 
2 11 
25 63 
87 5 
97 3 
78 96 
19 26 
45 60 
58 32 
84 90 
71 98 
85 18 
66 43 
65 16 
46 95 
38 48 
71 40 
60 96 
3 47 
1 52 
2 32 
0 74 
10 45 
86 69 
78 70 
11 1 
20 96 
71 86 
91 36 
55 37 
83 45 
86 55 
85 98 
