97 40 
13 29 
50 48 
47 64 
82 45 
91 13 
12 72 
79 51 
83 29 
43 57 
8 45 
36 19 
10 33 
97 41 
87 24 
42 85 
64 55 
66 67 
4 13 
83 38 
10 26 
51 23 
50 30 
26 33 
11 69 
90 71 
67 78 
91 29 
12 40 
70 99 
64 12 
36 81 
68 2 
48 24 
68 31 
14 78 
57 65 
53 8 
47 79 
93 10 
1 36 
33 68 
14 76 
97 78 
16 20 
78 81 
84 66 
14 4 
21 62 
80 89 
45 94 
19 54 
11 73 
14 58 
52 8 
20 5 
44 6 
73 10 
82 23 
89 51 
95 19 
32 79 
37 98 
36 58 
60 16 
99 57 
11 19 
11 22 
44 26 
33 96 
86 53 
54 82 
59 27 
92 94 
2 33 
45 97 
4 29 
29 42 
27 65 
0 39 
81 0 
96 44 
71 7 
19 15 
85 52 
63 23 
57 17 
5 69 
97 50 
15 99 
83 60 
49 88 
41 30 
82 68 
95 82 
59 28 
34 55 
25 57 
14 44 
72 52 
