9 95 
17 62 
72 23 
4 82 
6 53 
52 65 
16 76 
53 3 
57 9 
0 80 
68 18 
73 43 
49 51 
57 20 
43 1 
91 52 
96 60 
14 20 
84 70 
2 42 
23 54 
7 91 
82 13 
46 40 
22 47 
20 90 
65 45 
85 66 
96 42 
38 39 
95 82 
91 44 
42 58 
64 78 
80 67 
21 56 
73 80 
99 8 
93 46 
0 67 
45 20 
9 62 
17 94 
81 13 
88 71 
5 36 
53 48 
80 48 
58 44 
26 39 
63 99 
95 89 
32 94 
97 77 
92 97 
97 89 
69 6 
52 86 
53 85 
99 93 
56 56 
29 62 
5 9 
10 63 
54 88 
2 69 
88 49 
58 72 
44 55 
49 88 
52 46 
78 73 
5 82 
59 58 
67 11 
51 75 
67 81 
37 72 
42 99 
88 48 
88 90 
18 28 
92 76 
0 36 
84 1 
76 36 
48 6 
62 5 
88 21 
63 7 
84 66 
83 52 
99 72 
76 42 
72 64 
90 12 
7 60 
40 99 
37 40 
87 21 
