13 40 
82 2 
78 97 
18 68 
41 46 
13 46 
78 82 
95 54 
84 17 
5 40 
7 0 
73 71 
77 78 
32 68 
18 37 
70 84 
29 4 
86 60 
2 4 
28 43 
51 41 
41 81 
23 36 
87 59 
54 93 
99 13 
93 73 
85 23 
3 17 
43 74 
7 13 
58 36 
18 96 
48 72 
53 76 
67 4 
18 60 
37 93 
97 25 
53 3 
70 4 
16 15 
77 53 
38 33 
71 33 
59 30 
99 17 
18 69 
13 67 
41 66 
43 60 
22 13 
20 12 
7 69 
89 12 
24 59 
16 93 
74 46 
46 65 
79 69 
98 90 
99 97 
7 18 
66 72 
37 59 
91 80 
19 65 
46 92 
29 5 
13 18 
17 38 
77 85 
31 4 
31 29 
69 62 
99 19 
52 98 
17 11 
68 83 
36 5 
43 79 
38 14 
96 84 
58 26 
41 72 
44 10 
62 74 
95 93 
30 79 
74 51 
41 73 
70 46 
24 87 
9 92 
23 45 
50 18 
24 88 
32 21 
24 43 
47 17 
