9 72 
97 66 
17 97 
8 83 
36 51 
16 12 
21 47 
4 9 
55 30 
2 57 
62 74 
10 26 
72 77 
21 6 
59 87 
15 21 
59 12 
87 28 
62 95 
12 98 
98 80 
62 19 
27 66 
81 82 
49 35 
91 11 
9 1 
90 81 
31 63 
39 90 
50 6 
11 61 
71 98 
90 85 
45 54 
83 95 
34 45 
15 61 
63 48 
95 12 
83 86 
76 92 
39 66 
25 70 
29 16 
61 31 
23 24 
92 46 
75 34 
31 20 
88 66 
16 22 
11 83 
35 26 
83 82 
91 66 
68 67 
10 60 
85 87 
30 66 
3 91 
49 78 
68 41 
24 43 
28 7 
15 16 
73 83 
91 36 
18 26 
63 1 
9 6 
19 29 
25 29 
89 10 
16 20 
28 72 
63 77 
50 83 
70 27 
26 98 
34 42 
67 60 
77 58 
96 96 
84 11 
97 45 
17 17 
75 42 
98 16 
4 15 
88 32 
39 4 
61 41 
87 32 
68 14 
82 55 
8 49 
15 37 
7 11 
33 44 
