99 27 
79 61 
5 57 
6 34 
63 68 
10 90 
35 4 
82 28 
62 81 
54 36 
63 23 
5 61 
99 47 
56 90 
80 19 
30 79 
46 9 
41 52 
67 99 
38 82 
67 0 
24 2 
4 58 
31 19 
40 37 
55 55 
60 12 
68 59 
59 25 
49 39 
44 31 
71 42 
41 12 
46 60 
11 85 
94 30 
37 18 
85 94 
77 16 
13 69 
5 20 
76 65 
33 96 
76 92 
21 78 
84 17 
9 55 
60 2 
19 58 
62 82 
43 8 
12 33 
27 97 
27 56 
65 40 
77 70 
60 5 
35 93 
1 64 
38 75 
42 74 
92 51 
81 4 
54 0 
63 68 
34 58 
77 46 
43 56 
96 70 
12 61 
62 41 
84 23 
46 19 
68 47 
83 58 
74 77 
32 67 
29 65 
23 83 
17 38 
3 51 
49 80 
50 92 
36 46 
63 0 
7 25 
41 91 
0 87 
63 21 
87 98 
79 61 
76 64 
80 5 
29 56 
40 47 
46 43 
50 95 
76 0 
40 64 
46 55 
