5 57 
46 88 
68 60 
5 3 
57 94 
16 9 
75 13 
94 34 
13 7 
35 86 
60 1 
77 7 
86 36 
63 81 
95 65 
35 0 
23 81 
40 91 
41 45 
46 50 
39 63 
12 67 
28 6 
1 41 
65 88 
27 26 
89 56 
33 75 
92 97 
8 39 
62 96 
40 37 
77 32 
81 71 
30 27 
21 21 
42 33 
88 70 
92 41 
11 57 
29 90 
83 70 
99 17 
46 91 
66 6 
31 80 
2 23 
18 32 
55 51 
3 85 
30 76 
7 73 
10 47 
95 54 
89 59 
11 18 
49 95 
89 48 
64 87 
92 82 
45 23 
62 0 
98 32 
84 5 
83 87 
91 66 
15 50 
39 25 
49 34 
79 38 
45 43 
9 95 
90 50 
95 54 
89 87 
36 86 
62 50 
86 60 
83 70 
66 18 
9 9 
84 25 
11 75 
2 60 
62 34 
51 7 
77 12 
54 67 
62 50 
73 3 
89 61 
89 4 
63 28 
64 46 
50 82 
17 12 
43 1 
89 6 
29 91 
19 91 
