28 97 
79 46 
50 35 
74 89 
11 32 
36 76 
8 54 
58 22 
15 92 
13 7 
65 52 
14 2 
51 90 
71 98 
29 62 
45 9 
12 76 
7 14 
12 81 
3 75 
65 40 
51 25 
46 62 
0 13 
6 13 
72 71 
17 86 
25 68 
76 97 
19 57 
59 64 
66 23 
41 73 
38 5 
6 41 
80 24 
33 83 
49 31 
45 1 
44 51 
14 16 
75 84 
3 0 
52 31 
49 71 
41 61 
88 59 
84 81 
85 74 
86 91 
68 18 
67 53 
1 69 
85 99 
70 29 
2 37 
98 77 
21 53 
30 73 
84 31 
97 77 
92 85 
37 29 
66 22 
3 4 
65 23 
22 33 
77 23 
54 62 
74 24 
43 77 
13 41 
54 34 
94 36 
60 31 
68 9 
8 60 
94 45 
41 12 
19 45 
16 85 
68 90 
70 97 
13 24 
59 88 
48 3 
17 62 
96 23 
48 91 
60 60 
22 80 
69 30 
92 15 
28 34 
27 47 
31 95 
32 51 
85 2 
49 51 
26 60 
