37 75 
31 57 
78 86 
60 65 
47 11 
61 19 
76 90 
33 23 
38 40 
13 4 
10 42 
51 56 
94 80 
48 22 
25 35 
60 62 
10 43 
19 40 
81 79 
57 28 
42 19 
48 70 
9 81 
93 99 
73 7 
3 83 
1 55 
39 95 
87 40 
69 13 
75 81 
27 37 
24 99 
78 5 
30 35 
86 73 
6 34 
95 16 
67 89 
67 40 
48 71 
24 1 
78 15 
49 65 
55 70 
30 82 
52 58 
20 28 
57 50 
86 87 
37 72 
12 44 
58 8 
12 77 
49 79 
17 49 
2 93 
50 80 
9 99 
98 16 
70 28 
99 74 
86 71 
2 95 
73 40 
83 10 
12 47 
6 22 
7 70 
99 56 
2 69 
57 4 
14 8 
37 75 
59 35 
92 81 
63 43 
55 50 
14 10 
45 87 
2 80 
49 67 
28 56 
89 87 
78 41 
96 80 
62 53 
85 76 
13 22 
4 73 
9 96 
6 72 
91 14 
74 57 
76 72 
44 78 
52 45 
45 32 
53 87 
20 32 
