25 22 
60 53 
68 64 
24 86 
69 10 
24 79 
58 33 
11 31 
48 88 
82 81 
83 14 
83 83 
26 24 
16 40 
20 34 
48 97 
9 8 
3 77 
24 79 
15 94 
89 40 
73 0 
25 36 
31 25 
24 13 
59 59 
79 42 
42 5 
66 58 
97 87 
44 98 
36 53 
6 39 
82 31 
19 98 
77 60 
90 50 
60 15 
38 92 
40 14 
57 99 
73 37 
42 67 
94 60 
77 44 
99 21 
42 36 
27 48 
27 61 
31 46 
11 8 
59 1 
10 19 
16 48 
63 9 
14 73 
60 39 
10 54 
58 56 
15 35 
0 14 
9 94 
2 88 
43 30 
49 26 
28 61 
35 87 
62 97 
7 31 
98 22 
92 12 
95 4 
4 57 
59 62 
66 74 
98 66 
40 59 
61 43 
47 56 
25 48 
34 53 
9 21 
93 24 
19 52 
7 17 
74 51 
81 22 
55 85 
31 66 
48 97 
92 98 
16 33 
57 29 
28 4 
37 5 
4 71 
58 66 
93 51 
42 12 
3 1 
