33 13 
48 39 
60 86 
69 62 
11 27 
33 40 
0 90 
10 0 
43 61 
65 31 
89 99 
17 41 
13 75 
61 13 
20 14 
15 5 
28 15 
45 40 
53 14 
54 65 
41 39 
5 41 
29 67 
93 25 
29 10 
56 70 
9 73 
63 23 
48 25 
88 21 
91 55 
26 71 
22 71 
11 76 
37 66 
93 78 
5 98 
71 87 
17 64 
12 46 
75 68 
69 84 
94 32 
59 94 
9 0 
15 1 
7 94 
72 30 
65 36 
58 3 
54 51 
33 11 
1 5 
98 18 
21 10 
17 48 
31 86 
85 77 
70 96 
71 80 
96 39 
33 4 
33 57 
86 50 
93 44 
5 47 
47 39 
59 48 
96 9 
18 69 
72 35 
70 3 
73 55 
32 44 
51 3 
24 0 
94 9 
56 27 
66 42 
30 60 
38 35 
59 85 
26 70 
33 74 
80 51 
96 52 
39 66 
7 12 
73 39 
56 76 
94 32 
76 89 
41 84 
68 60 
26 98 
72 16 
86 31 
1 12 
2 86 
39 34 
