69 32 
90 88 
23 26 
10 97 
85 66 
43 64 
40 21 
81 23 
68 99 
36 83 
13 82 
15 80 
35 48 
16 91 
73 76 
23 42 
61 13 
83 84 
91 45 
33 28 
11 28 
92 3 
50 25 
78 18 
24 66 
53 37 
1 69 
69 88 
17 85 
79 42 
13 54 
37 74 
19 20 
11 10 
17 44 
38 80 
73 30 
83 75 
7 13 
45 31 
32 98 
68 33 
67 37 
21 37 
74 52 
79 88 
7 16 
14 78 
88 25 
89 5 
70 79 
37 95 
62 20 
22 69 
86 67 
1 18 
65 21 
51 85 
11 24 
22 37 
76 53 
25 35 
22 92 
14 62 
17 55 
20 39 
34 57 
86 48 
30 8 
18 16 
75 71 
34 41 
44 37 
26 7 
13 0 
45 89 
53 22 
77 27 
14 43 
90 32 
98 10 
23 84 
19 10 
85 49 
18 3 
17 94 
26 51 
87 70 
40 65 
30 53 
65 75 
95 70 
49 24 
98 64 
67 40 
48 17 
2 71 
53 21 
33 38 
23 52 
