64 48 
50 57 
99 34 
94 2 
24 99 
31 59 
89 63 
58 96 
27 68 
91 66 
87 12 
3 45 
78 0 
27 6 
3 99 
37 67 
99 39 
24 98 
74 18 
53 98 
70 36 
9 59 
0 68 
8 79 
88 99 
97 27 
63 0 
72 93 
0 52 
99 55 
51 88 
22 50 
28 98 
0 54 
68 5 
4 38 
94 14 
50 94 
82 10 
25 70 
9 22 
50 24 
74 22 
17 26 
74 17 
81 77 
57 3 
79 85 
53 32 
91 21 
89 96 
12 83 
10 62 
77 44 
72 54 
66 33 
28 16 
57 2 
39 74 
28 65 
43 9 
43 1 
64 74 
38 69 
6 30 
91 96 
26 3 
79 88 
65 9 
32 89 
15 98 
22 44 
67 79 
46 6 
5 27 
71 49 
36 66 
2 53 
41 92 
22 99 
22 65 
47 0 
68 27 
40 85 
88 72 
74 3 
23 48 
47 90 
79 46 
48 85 
73 71 
86 61 
38 88 
14 31 
80 89 
82 55 
54 30 
7 23 
57 48 
60 97 
