37 81 
96 91 
50 98 
73 6 
43 46 
0 96 
68 62 
14 58 
61 82 
1 37 
29 36 
92 10 
25 48 
26 48 
62 72 
0 99 
53 96 
42 55 
47 15 
61 42 
13 13 
38 33 
27 52 
91 88 
86 92 
25 67 
81 17 
78 6 
17 4 
54 79 
28 6 
31 33 
55 73 
88 2 
41 1 
44 54 
14 34 
88 41 
39 31 
81 25 
24 7 
93 5 
76 23 
11 94 
27 18 
25 8 
24 56 
41 79 
82 82 
33 23 
83 29 
29 50 
16 69 
91 55 
1 73 
32 77 
32 77 
82 8 
0 45 
54 80 
15 80 
88 92 
88 81 
23 70 
63 57 
45 47 
38 27 
97 54 
96 40 
61 49 
65 94 
26 97 
23 60 
58 76 
58 12 
56 73 
44 96 
65 33 
77 41 
55 93 
98 1 
40 88 
80 89 
95 76 
81 56 
26 47 
2 52 
96 26 
13 6 
2 23 
71 10 
96 67 
58 14 
0 35 
55 8 
28 5 
61 20 
93 41 
61 88 
69 43 
