39 84 
76 16 
39 20 
72 29 
13 53 
38 28 
65 42 
27 80 
59 82 
42 84 
32 32 
0 97 
10 72 
19 27 
86 83 
72 25 
68 48 
93 59 
21 18 
40 34 
23 78 
62 40 
72 41 
20 31 
75 14 
67 7 
98 67 
57 8 
39 76 
88 78 
60 60 
55 80 
60 1 
39 81 
19 79 
15 42 
9 30 
82 82 
71 54 
65 99 
20 33 
6 18 
52 15 
79 92 
92 67 
22 4 
79 29 
84 39 
30 75 
21 49 
6 88 
43 15 
18 25 
49 42 
31 15 
41 51 
0 99 
22 52 
15 1 
96 59 
20 18 
63 99 
48 47 
90 30 
22 63 
80 28 
52 75 
95 70 
53 45 
64 84 
12 5 
88 12 
57 10 
64 72 
11 61 
83 83 
31 46 
34 31 
45 24 
62 19 
88 94 
47 40 
69 94 
62 74 
91 27 
59 3 
32 47 
15 41 
57 32 
65 20 
45 48 
3 76 
94 37 
60 39 
13 74 
58 1 
68 57 
93 89 
4 56 
64 95 
