32 84 
41 32 
65 4 
28 3 
37 56 
35 5 
81 69 
70 6 
26 63 
53 24 
29 79 
27 7 
36 40 
14 6 
43 60 
41 75 
44 34 
8 61 
39 88 
17 28 
97 52 
33 30 
73 56 
88 99 
19 41 
76 0 
72 3 
59 8 
96 74 
66 39 
34 59 
15 31 
94 75 
92 85 
63 9 
13 60 
13 98 
42 39 
54 30 
90 74 
71 66 
26 44 
70 86 
4 18 
60 23 
57 46 
82 24 
77 28 
99 22 
65 15 
83 78 
27 97 
29 70 
88 83 
0 78 
9 24 
45 36 
68 67 
22 24 
85 82 
99 94 
80 34 
71 58 
62 22 
80 28 
37 63 
58 17 
12 87 
87 52 
71 39 
31 80 
63 76 
68 83 
43 90 
8 28 
24 59 
74 5 
93 45 
15 56 
68 47 
36 57 
62 46 
74 75 
34 61 
27 57 
53 10 
89 16 
86 58 
0 29 
0 60 
9 25 
19 84 
82 13 
81 97 
21 49 
44 57 
7 58 
55 33 
33 89 
95 13 
