15 58 
54 42 
52 11 
66 15 
73 66 
80 42 
3 34 
94 87 
63 72 
91 40 
7 24 
18 38 
47 23 
63 79 
27 99 
44 42 
57 98 
85 62 
62 3 
29 35 
69 9 
77 24 
43 24 
12 6 
96 55 
47 3 
79 17 
94 78 
40 57 
57 68 
8 54 
62 18 
4 47 
80 66 
51 61 
2 72 
70 31 
49 14 
55 13 
72 51 
68 19 
7 47 
89 53 
25 29 
62 34 
49 22 
88 12 
40 45 
11 72 
11 14 
33 65 
87 4 
97 36 
70 52 
1 42 
56 69 
14 15 
16 3 
20 41 
84 34 
27 86 
56 16 
98 97 
61 61 
21 24 
76 55 
90 15 
11 87 
3 81 
91 4 
23 99 
73 89 
14 89 
92 86 
82 29 
20 9 
15 29 
77 65 
26 90 
26 99 
15 54 
54 57 
69 65 
96 72 
98 87 
76 74 
87 49 
63 53 
90 8 
92 24 
89 12 
86 4 
41 63 
21 19 
6 99 
19 73 
54 25 
30 23 
43 26 
96 41 
