76 44 
79 95 
7 73 
71 50 
49 88 
5 2 
37 69 
67 39 
75 41 
11 27 
15 45 
5 60 
77 20 
20 38 
10 31 
3 86 
76 82 
33 83 
55 5 
34 57 
45 91 
59 82 
12 27 
74 87 
20 85 
14 36 
82 19 
48 60 
92 20 
50 2 
52 53 
40 28 
35 74 
11 43 
31 97 
0 76 
40 59 
10 52 
38 84 
39 11 
70 5 
99 4 
25 99 
64 69 
20 14 
23 24 
19 63 
52 55 
89 15 
98 20 
65 98 
48 5 
9 59 
58 0 
43 49 
63 65 
55 62 
70 32 
61 86 
1 33 
53 24 
57 72 
39 61 
79 29 
77 77 
1 94 
27 50 
99 89 
61 9 
89 4 
59 52 
22 66 
66 44 
98 79 
82 51 
13 35 
27 22 
60 66 
84 39 
47 13 
17 1 
7 96 
3 58 
85 64 
68 26 
20 79 
30 42 
45 96 
38 95 
76 21 
46 41 
8 73 
63 68 
91 47 
8 39 
60 77 
92 19 
73 95 
78 11 
59 98 
