40 54 
36 98 
3 33 
18 23 
30 59 
82 37 
50 99 
55 35 
8 74 
91 30 
7 47 
62 43 
90 30 
67 31 
22 56 
81 14 
63 17 
13 66 
3 31 
89 85 
42 23 
75 44 
23 30 
31 83 
56 23 
65 63 
22 27 
59 13 
57 26 
96 79 
34 77 
94 97 
47 59 
63 2 
42 5 
87 84 
28 14 
80 3 
45 12 
38 1 
87 3 
17 9 
31 28 
74 40 
6 70 
20 40 
0 66 
38 47 
25 53 
49 67 
58 88 
3 39 
3 83 
94 0 
47 33 
53 34 
36 22 
96 67 
50 70 
8 56 
41 80 
97 41 
98 87 
40 23 
40 41 
42 51 
81 97 
42 84 
32 36 
36 80 
69 90 
66 58 
12 62 
77 15 
33 37 
71 26 
69 20 
19 67 
7 59 
42 0 
52 36 
3 33 
33 45 
70 18 
33 6 
98 55 
48 16 
13 61 
79 42 
28 12 
80 99 
90 49 
20 9 
17 79 
20 11 
31 72 
48 34 
5 81 
31 75 
51 65 
