99 34 
43 92 
85 55 
20 85 
92 15 
95 84 
28 12 
86 92 
43 8 
99 99 
93 66 
95 84 
64 10 
8 17 
6 70 
72 58 
56 16 
50 41 
23 23 
26 15 
38 22 
51 19 
86 89 
63 81 
97 62 
80 42 
80 28 
79 45 
90 87 
14 97 
9 86 
7 65 
54 9 
58 77 
32 37 
44 71 
11 47 
42 97 
36 5 
78 86 
19 11 
80 0 
91 11 
45 81 
50 11 
30 59 
97 37 
76 4 
47 87 
81 31 
24 78 
54 35 
25 96 
32 14 
1 62 
52 21 
25 32 
73 16 
96 70 
50 46 
81 80 
6 30 
70 34 
34 69 
21 68 
0 97 
46 55 
32 71 
51 16 
37 5 
31 89 
78 56 
74 51 
25 70 
73 75 
16 54 
7 74 
36 77 
61 23 
46 34 
91 99 
32 37 
54 16 
60 57 
85 98 
14 16 
39 92 
24 13 
95 49 
83 68 
24 0 
74 84 
26 63 
61 87 
86 60 
22 77 
59 54 
66 65 
70 78 
74 7 
