98 58 
71 55 
46 11 
57 53 
13 70 
62 56 
51 91 
89 9 
35 67 
4 69 
3 66 
70 95 
69 64 
38 50 
86 32 
26 36 
90 97 
43 88 
60 52 
94 73 
22 56 
81 74 
99 22 
35 34 
89 91 
55 45 
57 26 
92 79 
90 31 
29 28 
63 7 
16 5 
56 11 
94 16 
63 88 
89 86 
96 22 
12 95 
44 47 
82 86 
38 37 
31 48 
15 75 
27 5 
6 8 
85 21 
16 53 
27 72 
64 73 
89 28 
61 30 
14 9 
53 78 
56 49 
25 90 
35 15 
28 18 
15 43 
94 42 
1 0 
3 38 
22 71 
92 1 
95 56 
74 36 
84 87 
67 50 
96 72 
28 4 
21 5 
95 57 
73 75 
75 88 
70 21 
83 23 
22 38 
62 96 
9 6 
97 4 
62 23 
41 99 
10 60 
1 58 
84 82 
14 57 
39 61 
66 12 
36 94 
53 59 
15 36 
82 37 
74 96 
85 35 
2 34 
91 17 
57 84 
68 19 
44 69 
29 80 
51 44 
