7 25 
86 79 
16 60 
95 13 
67 50 
59 51 
18 8 
62 30 
16 75 
1 34 
72 32 
15 3 
6 49 
39 20 
24 69 
46 31 
46 84 
63 62 
45 10 
75 64 
13 87 
15 83 
95 29 
14 63 
4 15 
97 28 
48 12 
32 6 
62 71 
26 38 
92 72 
21 38 
9 84 
1 6 
47 76 
70 60 
15 38 
43 10 
67 57 
74 24 
73 23 
52 73 
88 36 
79 2 
8 57 
40 0 
29 61 
91 90 
98 92 
96 45 
20 19 
57 36 
57 52 
46 76 
10 72 
52 35 
48 5 
60 36 
41 91 
38 1 
48 30 
54 29 
91 45 
20 41 
89 16 
38 9 
35 47 
45 44 
0 44 
73 10 
16 25 
97 64 
82 57 
52 76 
48 90 
29 96 
72 83 
77 16 
80 97 
57 69 
66 48 
79 1 
95 24 
98 95 
68 71 
57 37 
48 54 
53 31 
63 6 
59 63 
48 88 
11 21 
72 89 
37 4 
86 46 
74 4 
94 5 
6 42 
29 56 
37 50 
