40 10 
63 65 
99 39 
27 10 
53 44 
7 82 
70 6 
93 57 
52 2 
17 49 
80 33 
97 66 
13 74 
28 84 
35 63 
4 75 
74 19 
92 25 
10 19 
36 64 
16 95 
46 86 
54 91 
96 6 
93 13 
8 25 
46 5 
92 11 
31 72 
95 66 
35 52 
93 61 
71 85 
87 82 
57 75 
46 73 
70 44 
11 24 
35 7 
83 80 
73 91 
58 71 
48 50 
83 80 
74 30 
46 9 
82 92 
23 54 
77 10 
36 86 
37 34 
11 7 
78 23 
84 65 
82 19 
45 55 
62 3 
27 10 
5 62 
42 31 
92 41 
41 27 
33 16 
81 62 
26 69 
49 15 
55 12 
22 33 
87 58 
50 70 
77 47 
77 39 
3 4 
2 8 
18 44 
92 11 
37 85 
90 70 
1 71 
33 79 
92 34 
94 47 
98 16 
32 86 
27 34 
8 4 
81 37 
96 84 
94 50 
45 12 
46 37 
75 84 
22 65 
6 23 
88 39 
2 80 
25 48 
79 24 
16 11 
62 43 
