96 73 
16 89 
71 59 
66 73 
58 41 
15 90 
42 18 
25 40 
43 79 
49 20 
39 18 
75 39 
3 12 
30 8 
29 9 
89 77 
82 57 
19 6 
68 85 
31 27 
79 46 
17 73 
16 43 
14 11 
74 63 
84 65 
81 59 
56 36 
23 86 
96 52 
47 37 
82 82 
94 1 
88 62 
38 71 
89 17 
69 7 
91 37 
2 57 
48 28 
72 84 
94 5 
43 50 
93 66 
89 89 
71 36 
26 53 
18 72 
6 58 
86 44 
29 76 
14 50 
35 57 
87 89 
66 88 
17 38 
72 63 
43 68 
66 88 
34 55 
77 57 
91 55 
62 62 
27 68 
20 13 
65 2 
41 31 
52 28 
88 40 
69 54 
80 87 
44 52 
2 39 
20 68 
27 7 
23 56 
16 67 
63 79 
29 42 
47 1 
7 64 
3 49 
95 8 
29 35 
0 99 
89 80 
38 85 
84 40 
24 5 
61 3 
64 84 
59 80 
3 22 
59 32 
64 59 
34 72 
75 89 
73 71 
97 54 
6 97 
