21 70 
87 73 
96 99 
46 71 
46 40 
3 14 
29 76 
1 78 
1 36 
53 58 
54 71 
5 75 
57 36 
84 4 
42 29 
49 15 
52 36 
88 0 
87 34 
71 85 
26 27 
51 8 
3 52 
86 4 
89 92 
14 43 
15 71 
71 72 
8 7 
28 2 
88 77 
17 92 
65 5 
92 4 
91 64 
89 69 
91 92 
77 94 
44 16 
50 85 
8 65 
81 23 
88 52 
47 96 
11 75 
98 99 
52 67 
92 69 
72 84 
73 15 
48 14 
37 91 
58 66 
85 2 
82 88 
40 90 
5 21 
65 93 
25 12 
90 36 
87 40 
35 91 
8 27 
12 32 
64 37 
0 64 
51 37 
56 9 
3 93 
64 86 
81 4 
28 38 
77 94 
32 2 
6 74 
90 46 
66 25 
89 26 
5 2 
59 21 
39 59 
85 43 
48 41 
4 51 
87 68 
89 68 
24 70 
59 53 
64 91 
55 22 
17 97 
20 83 
23 10 
10 80 
12 21 
1 51 
32 38 
46 80 
32 51 
83 19 
