76 62 
18 69 
1 22 
57 50 
24 10 
49 67 
90 41 
77 77 
30 20 
17 14 
31 73 
17 53 
19 6 
19 80 
70 89 
72 46 
52 90 
16 5 
64 25 
7 40 
35 56 
8 77 
98 85 
6 80 
5 24 
94 36 
49 63 
41 68 
21 13 
48 91 
2 73 
90 6 
15 58 
63 80 
83 71 
20 70 
79 28 
47 77 
65 53 
9 22 
29 3 
59 78 
18 52 
98 92 
65 99 
35 20 
72 25 
26 87 
83 42 
67 18 
13 40 
88 92 
20 35 
22 86 
41 31 
8 70 
87 19 
1 57 
24 51 
49 89 
50 37 
9 74 
62 88 
62 98 
30 81 
16 95 
21 5 
39 94 
92 61 
80 85 
45 40 
8 84 
12 61 
41 88 
12 43 
77 15 
80 39 
89 94 
79 51 
44 61 
33 13 
56 6 
70 47 
52 62 
61 84 
0 6 
25 8 
90 89 
69 83 
77 81 
26 6 
96 6 
97 86 
53 76 
89 97 
89 74 
10 97 
33 80 
45 85 
95 6 
