28 95 
50 23 
68 60 
83 99 
77 33 
75 28 
85 12 
35 19 
4 54 
69 29 
38 35 
46 27 
7 12 
44 8 
8 77 
51 36 
73 1 
11 41 
62 46 
92 91 
80 67 
19 17 
79 55 
36 35 
61 6 
17 52 
41 63 
79 0 
75 23 
8 36 
53 59 
72 26 
13 36 
19 27 
82 11 
18 14 
31 89 
31 62 
96 68 
98 58 
26 15 
62 19 
30 41 
19 57 
17 27 
93 70 
38 18 
48 3 
54 67 
30 36 
30 0 
3 61 
90 34 
24 38 
54 74 
96 80 
41 10 
99 71 
4 70 
28 21 
97 74 
43 88 
92 91 
91 46 
10 74 
34 40 
74 37 
54 16 
72 30 
55 78 
4 3 
59 45 
14 10 
68 18 
81 48 
91 30 
22 34 
18 14 
77 62 
12 87 
88 47 
79 62 
84 85 
31 8 
15 86 
87 19 
89 98 
16 55 
8 84 
73 89 
33 64 
20 55 
50 90 
22 79 
4 34 
18 92 
81 98 
7 18 
35 38 
78 51 
