45 1 
51 83 
35 43 
11 76 
95 19 
48 41 
39 10 
35 23 
4 91 
40 88 
8 77 
73 59 
6 77 
44 35 
96 62 
8 93 
15 60 
76 50 
55 40 
26 50 
59 75 
43 50 
85 78 
73 41 
21 65 
81 30 
95 6 
89 53 
35 86 
88 83 
0 49 
77 16 
9 53 
18 64 
93 45 
66 4 
72 62 
54 9 
92 80 
2 14 
97 35 
96 92 
41 37 
45 76 
23 86 
60 24 
35 89 
92 96 
42 10 
12 88 
7 30 
92 31 
92 99 
92 85 
31 94 
51 28 
81 47 
21 22 
84 18 
51 8 
4 63 
84 39 
52 28 
87 46 
38 99 
34 98 
30 79 
29 74 
30 22 
59 61 
68 10 
41 50 
9 14 
24 94 
33 27 
54 37 
90 38 
29 94 
18 68 
41 56 
68 27 
6 50 
58 88 
24 88 
10 36 
1 30 
46 43 
32 56 
57 57 
2 42 
84 56 
32 27 
46 13 
73 64 
81 66 
72 49 
94 79 
51 4 
67 76 
93 29 
