51 8 
78 93 
77 64 
71 73 
74 26 
32 27 
28 40 
85 76 
38 86 
49 57 
17 26 
87 28 
30 73 
10 15 
69 10 
3 72 
70 34 
65 47 
98 89 
72 24 
67 56 
51 96 
49 36 
24 87 
22 74 
44 91 
0 83 
71 82 
57 81 
50 78 
43 53 
50 13 
87 67 
12 37 
8 37 
61 76 
93 64 
24 94 
0 48 
81 74 
74 77 
65 27 
61 88 
9 70 
69 59 
48 12 
65 50 
77 4 
17 42 
94 26 
79 7 
54 24 
72 30 
19 72 
30 0 
47 5 
30 64 
32 43 
53 93 
65 74 
5 13 
39 70 
63 16 
26 32 
58 72 
10 89 
80 16 
14 52 
46 33 
76 77 
85 75 
34 67 
40 66 
10 45 
59 75 
19 64 
40 58 
86 3 
27 65 
88 37 
37 98 
27 17 
15 41 
21 61 
74 98 
90 59 
73 24 
27 65 
42 89 
10 54 
17 82 
70 57 
40 9 
13 19 
74 1 
57 63 
51 84 
33 66 
25 54 
80 51 
