40 62 
55 40 
47 7 
71 8 
21 14 
96 33 
21 32 
50 58 
79 48 
60 1 
97 33 
97 16 
95 47 
8 15 
44 52 
36 36 
14 43 
29 13 
3 0 
73 24 
66 69 
58 87 
54 60 
98 85 
60 10 
86 57 
43 83 
25 91 
82 85 
6 78 
38 94 
15 4 
90 44 
70 93 
96 43 
17 62 
65 27 
1 71 
39 99 
56 99 
62 42 
9 5 
78 34 
96 60 
20 2 
39 10 
49 6 
66 39 
50 36 
32 98 
32 49 
60 49 
29 13 
20 68 
13 76 
68 27 
70 29 
32 48 
63 81 
9 35 
35 0 
45 84 
6 12 
23 8 
0 55 
6 84 
57 66 
33 86 
79 53 
54 44 
81 74 
23 4 
3 56 
52 19 
89 13 
54 24 
13 52 
61 19 
16 84 
27 68 
92 33 
53 1 
51 38 
39 83 
44 45 
79 25 
20 3 
29 75 
11 34 
46 0 
47 53 
76 61 
5 37 
32 73 
74 60 
41 18 
93 46 
71 97 
85 10 
80 81 
