11 91 
32 1 
74 35 
99 33 
80 47 
47 98 
82 24 
38 51 
27 75 
2 76 
73 65 
0 58 
51 88 
69 18 
17 3 
50 28 
46 34 
29 21 
69 80 
6 49 
28 53 
47 10 
29 37 
14 56 
64 16 
84 89 
82 36 
47 85 
76 16 
55 93 
71 57 
21 17 
43 3 
38 12 
83 44 
13 11 
49 12 
74 30 
1 88 
86 65 
56 23 
54 90 
11 1 
27 88 
69 83 
81 40 
92 55 
10 36 
58 48 
0 41 
45 14 
5 46 
78 31 
77 80 
19 15 
97 27 
38 52 
18 50 
5 45 
90 75 
80 71 
67 73 
78 77 
61 88 
26 61 
30 23 
27 87 
69 6 
18 98 
38 89 
14 35 
16 4 
39 86 
6 45 
32 96 
20 12 
20 87 
37 98 
17 98 
87 95 
12 69 
18 39 
8 39 
97 26 
38 87 
67 4 
75 35 
8 14 
22 15 
59 54 
63 31 
18 83 
71 56 
34 88 
6 73 
83 18 
42 53 
10 2 
92 59 
80 82 
