98 11 
38 8 
73 34 
62 6 
13 15 
22 57 
22 25 
41 85 
33 18 
30 92 
27 85 
69 44 
55 66 
27 42 
10 57 
8 8 
20 46 
68 93 
80 82 
51 45 
49 26 
3 71 
3 96 
56 36 
66 39 
28 93 
76 50 
89 31 
16 17 
26 78 
74 34 
38 46 
80 58 
92 12 
40 43 
10 41 
21 65 
12 24 
61 21 
61 27 
12 41 
72 40 
43 62 
71 12 
79 97 
90 5 
83 29 
51 15 
87 43 
80 80 
39 90 
21 60 
55 86 
85 16 
59 98 
95 23 
91 67 
63 35 
29 86 
47 60 
36 37 
65 19 
18 17 
35 58 
12 15 
38 51 
5 11 
64 12 
49 49 
28 8 
99 75 
83 90 
42 46 
77 24 
33 76 
84 69 
66 50 
88 84 
19 75 
94 31 
42 32 
35 99 
96 99 
11 45 
0 91 
6 99 
66 89 
41 61 
88 71 
85 21 
47 69 
42 13 
71 30 
50 90 
58 44 
74 0 
29 9 
52 25 
8 63 
22 60 
