95 87 
59 56 
94 35 
10 2 
56 82 
41 2 
50 45 
93 66 
52 65 
56 51 
42 81 
61 81 
89 4 
58 99 
83 8 
60 78 
96 71 
86 42 
6 96 
97 14 
30 38 
16 80 
35 62 
98 87 
79 6 
91 21 
87 4 
55 28 
8 65 
28 43 
73 88 
73 69 
59 59 
64 17 
7 61 
31 38 
51 0 
70 86 
62 21 
26 93 
27 69 
14 67 
73 21 
95 34 
86 23 
77 60 
63 3 
81 74 
62 97 
43 22 
58 75 
60 9 
75 82 
48 89 
3 26 
82 31 
95 48 
98 68 
22 45 
54 8 
21 84 
20 84 
87 54 
11 1 
51 54 
23 10 
81 35 
71 8 
18 71 
97 73 
97 31 
4 92 
32 54 
61 6 
52 15 
14 73 
99 87 
9 38 
41 72 
40 44 
27 63 
6 8 
99 78 
69 69 
49 18 
42 47 
50 99 
91 34 
5 52 
40 57 
20 6 
82 71 
45 92 
10 38 
16 2 
83 43 
65 89 
4 16 
19 73 
37 21 
