85 70 
83 0 
83 91 
6 54 
49 37 
48 0 
55 70 
48 85 
98 3 
89 25 
9 7 
20 79 
55 64 
10 80 
35 94 
24 20 
64 8 
20 0 
51 26 
6 1 
15 54 
53 70 
76 1 
55 74 
4 97 
52 65 
4 24 
44 11 
89 54 
91 24 
49 16 
96 65 
76 17 
17 79 
95 23 
32 11 
29 85 
33 5 
86 41 
32 43 
38 84 
8 94 
60 5 
5 49 
59 48 
25 8 
16 22 
26 92 
39 43 
24 86 
67 56 
49 48 
42 35 
54 80 
76 86 
75 14 
22 84 
8 34 
89 65 
84 0 
13 9 
61 30 
31 87 
74 22 
30 98 
61 49 
7 10 
98 49 
45 4 
29 73 
42 5 
87 16 
41 47 
50 82 
12 34 
82 78 
96 43 
8 27 
82 34 
2 65 
85 63 
14 92 
73 64 
41 71 
68 22 
44 62 
79 84 
78 72 
31 29 
54 96 
15 89 
74 11 
84 34 
39 19 
68 41 
84 53 
56 50 
97 29 
67 90 
52 35 
