14 71 
93 56 
5 44 
61 39 
10 90 
39 26 
23 63 
5 33 
16 92 
46 91 
41 12 
76 93 
49 90 
74 99 
11 81 
79 25 
4 24 
33 62 
68 47 
1 78 
37 92 
57 60 
55 14 
45 23 
58 91 
14 0 
55 42 
45 5 
84 71 
56 95 
53 35 
72 9 
12 6 
71 80 
5 72 
11 42 
64 20 
54 71 
34 0 
94 92 
43 60 
44 51 
54 90 
8 39 
61 64 
86 66 
51 59 
76 63 
17 47 
44 22 
72 7 
16 88 
27 70 
60 61 
22 6 
5 66 
19 50 
69 73 
92 77 
12 53 
41 99 
20 92 
10 48 
56 79 
95 52 
53 19 
11 69 
8 38 
91 68 
51 14 
26 8 
32 45 
10 1 
19 2 
78 31 
56 19 
82 28 
63 44 
28 71 
23 23 
75 76 
43 86 
97 3 
76 89 
71 79 
3 49 
88 87 
95 98 
88 66 
1 66 
49 9 
37 32 
89 0 
76 17 
24 52 
92 99 
80 35 
38 78 
38 14 
67 61 
