39 59 
94 99 
24 70 
66 29 
72 46 
15 30 
62 3 
91 29 
85 24 
57 80 
27 20 
45 29 
94 46 
7 25 
47 81 
42 38 
40 37 
89 64 
7 55 
46 31 
53 61 
62 68 
64 53 
97 1 
78 6 
82 57 
26 79 
86 72 
77 45 
97 76 
27 92 
14 67 
29 56 
84 88 
63 30 
19 17 
91 81 
37 7 
87 86 
61 17 
92 43 
74 18 
74 61 
42 51 
6 91 
80 85 
83 94 
53 12 
2 89 
0 66 
19 72 
35 62 
5 72 
69 92 
58 30 
9 50 
25 84 
20 51 
97 62 
55 55 
5 35 
41 89 
81 46 
53 84 
35 6 
50 54 
78 37 
68 83 
9 37 
28 19 
20 37 
69 97 
73 41 
49 22 
55 4 
78 60 
39 71 
49 20 
17 55 
56 4 
61 6 
10 39 
95 78 
74 4 
67 2 
23 87 
92 44 
85 17 
85 86 
40 40 
90 70 
1 81 
41 2 
53 10 
57 10 
66 18 
68 76 
9 64 
6 36 
20 73 
