9 93 
23 28 
5 48 
64 60 
83 96 
93 13 
83 94 
78 90 
20 10 
86 15 
85 93 
17 15 
35 41 
37 84 
15 56 
84 76 
49 7 
4 6 
55 69 
66 91 
65 59 
56 1 
5 34 
43 26 
96 29 
93 82 
22 10 
97 10 
51 34 
94 66 
42 78 
94 91 
37 98 
97 45 
19 63 
36 37 
75 92 
90 32 
78 33 
10 75 
63 3 
9 85 
13 58 
95 16 
44 42 
34 86 
72 28 
77 10 
79 26 
7 50 
41 43 
87 68 
87 77 
1 65 
63 11 
92 26 
67 1 
11 80 
11 59 
97 55 
1 31 
41 25 
12 70 
35 91 
96 42 
41 90 
37 81 
58 24 
10 11 
42 73 
23 34 
99 90 
88 63 
22 99 
22 71 
55 75 
55 96 
0 67 
19 88 
58 67 
82 99 
57 20 
80 68 
44 91 
79 38 
64 54 
73 16 
96 61 
79 19 
60 53 
90 67 
28 45 
64 80 
64 35 
68 22 
2 51 
74 12 
23 54 
80 19 
97 59 
