93 35 
61 18 
71 97 
20 32 
93 37 
61 42 
62 2 
10 47 
13 48 
58 41 
68 80 
31 15 
5 93 
90 65 
23 13 
63 16 
0 24 
34 23 
74 7 
55 67 
44 68 
61 6 
71 71 
6 84 
72 64 
77 40 
44 8 
7 50 
1 49 
15 76 
62 78 
93 14 
55 79 
37 29 
38 45 
48 34 
13 9 
93 84 
32 99 
20 56 
63 98 
97 59 
58 56 
61 12 
6 29 
88 20 
7 33 
35 14 
13 72 
43 51 
17 91 
86 83 
52 79 
67 85 
30 88 
93 45 
38 90 
4 96 
99 18 
8 5 
47 97 
25 6 
30 12 
21 95 
37 64 
99 54 
56 85 
89 8 
16 57 
45 98 
97 39 
43 35 
81 47 
31 80 
65 92 
37 64 
89 15 
71 71 
27 92 
67 64 
56 66 
71 12 
3 60 
73 71 
69 18 
69 66 
57 12 
53 91 
11 85 
71 29 
77 61 
93 18 
76 64 
41 55 
56 8 
20 65 
26 43 
29 81 
55 2 
4 25 
