5 2 
6 59 
98 12 
57 92 
22 5 
80 88 
34 48 
50 58 
11 45 
82 50 
37 34 
53 75 
47 31 
34 33 
21 21 
35 26 
23 41 
37 74 
6 95 
66 28 
52 98 
68 86 
46 18 
97 57 
15 79 
59 52 
13 13 
79 60 
96 66 
46 18 
87 81 
96 10 
22 34 
84 80 
81 2 
60 85 
0 80 
72 46 
98 69 
56 65 
0 15 
17 13 
80 97 
25 77 
15 71 
47 2 
52 95 
64 27 
81 1 
59 62 
3 20 
48 4 
0 72 
2 51 
93 10 
16 93 
26 86 
6 58 
83 31 
35 50 
55 34 
52 59 
30 16 
38 63 
17 98 
26 73 
18 26 
29 70 
50 83 
21 43 
94 38 
36 72 
24 94 
30 59 
77 18 
61 32 
52 13 
44 34 
81 82 
98 51 
80 76 
24 50 
54 53 
21 4 
36 94 
99 82 
84 35 
54 60 
81 85 
71 58 
3 32 
43 7 
45 39 
94 79 
21 92 
30 54 
20 6 
56 74 
11 29 
30 47 
