29 35 
68 88 
13 87 
42 2 
21 80 
77 5 
78 19 
43 59 
51 41 
21 83 
62 77 
68 85 
47 52 
81 94 
82 57 
52 11 
92 20 
0 58 
60 42 
12 33 
74 41 
38 52 
60 33 
63 64 
74 85 
47 88 
62 15 
73 62 
19 55 
56 1 
64 60 
13 56 
33 65 
66 93 
59 79 
26 34 
20 16 
38 33 
1 2 
97 75 
39 96 
16 53 
11 89 
15 30 
96 24 
83 12 
36 48 
21 69 
13 87 
62 73 
66 40 
59 39 
8 97 
24 9 
51 73 
37 90 
69 53 
44 32 
94 11 
14 91 
35 97 
3 72 
46 24 
41 59 
64 56 
84 82 
48 95 
21 57 
93 97 
66 44 
70 3 
87 91 
56 31 
23 51 
42 37 
94 30 
87 49 
54 33 
26 47 
44 90 
3 81 
72 52 
76 46 
61 21 
43 27 
18 14 
83 5 
57 91 
88 81 
94 30 
70 88 
12 9 
90 66 
94 16 
14 39 
6 17 
72 30 
21 0 
76 82 
74 72 
