85 95 
30 17 
18 3 
4 8 
47 60 
88 48 
19 34 
19 3 
28 67 
42 23 
29 59 
36 14 
43 23 
21 8 
36 83 
42 73 
78 24 
91 48 
27 47 
56 74 
7 44 
74 78 
30 94 
82 10 
61 24 
34 90 
35 70 
57 79 
45 78 
87 34 
61 81 
7 91 
5 50 
91 33 
98 48 
59 57 
44 34 
36 27 
80 70 
37 93 
46 23 
83 82 
45 92 
13 91 
71 0 
25 84 
34 84 
76 39 
35 67 
24 85 
67 84 
42 64 
70 30 
91 2 
0 80 
95 99 
4 30 
81 49 
23 94 
92 94 
46 17 
78 80 
2 6 
20 89 
74 96 
74 93 
80 68 
57 2 
51 0 
56 51 
81 51 
50 37 
82 83 
86 5 
29 79 
51 76 
48 81 
8 2 
40 80 
43 14 
77 17 
7 9 
38 17 
64 89 
17 20 
92 98 
72 95 
87 54 
30 74 
11 60 
5 14 
88 5 
47 96 
60 87 
77 3 
53 54 
73 13 
15 11 
30 79 
52 99 
