64 71 
47 4 
75 44 
72 21 
6 96 
87 15 
62 39 
40 71 
25 1 
28 33 
94 48 
20 92 
76 41 
2 81 
51 92 
15 68 
63 62 
72 38 
58 44 
11 64 
41 98 
80 55 
89 72 
26 14 
25 6 
47 71 
6 20 
63 83 
13 17 
64 64 
9 79 
32 24 
94 4 
62 52 
1 25 
17 42 
75 49 
49 64 
73 27 
30 99 
33 78 
22 92 
98 86 
75 63 
55 39 
27 65 
70 12 
89 64 
68 4 
69 69 
81 38 
63 57 
87 12 
73 12 
39 4 
11 25 
34 34 
17 84 
72 44 
47 27 
83 74 
44 53 
86 86 
70 55 
90 39 
76 23 
77 40 
80 16 
4 6 
28 96 
10 92 
73 44 
78 42 
80 50 
86 27 
29 69 
53 26 
74 40 
12 44 
47 54 
83 75 
77 12 
15 10 
28 20 
68 9 
16 78 
1 89 
74 79 
31 54 
81 17 
33 62 
38 86 
88 12 
26 52 
9 25 
6 92 
1 36 
57 68 
98 85 
88 66 
