65 35 
15 16 
95 10 
16 49 
40 60 
83 86 
76 38 
68 34 
88 99 
9 71 
88 11 
14 41 
90 55 
15 29 
0 22 
69 17 
9 84 
33 5 
95 50 
6 35 
62 41 
22 90 
79 42 
25 20 
93 34 
91 34 
97 58 
75 40 
65 42 
69 66 
16 39 
83 26 
23 69 
83 70 
71 89 
58 33 
30 80 
23 61 
74 48 
81 19 
34 73 
53 32 
83 80 
72 0 
74 93 
18 91 
32 54 
69 8 
23 4 
30 94 
45 88 
27 27 
20 2 
88 94 
3 70 
66 37 
95 19 
69 30 
52 93 
30 26 
87 49 
69 71 
3 90 
31 26 
94 62 
72 39 
50 51 
66 71 
53 7 
65 8 
77 83 
46 24 
55 67 
54 7 
61 84 
85 0 
33 7 
71 88 
97 3 
66 44 
65 38 
83 15 
41 2 
86 47 
9 4 
55 38 
87 1 
62 42 
21 16 
1 34 
52 87 
34 38 
46 5 
26 43 
8 93 
87 25 
83 23 
41 77 
25 79 
24 86 
