45 94 
11 52 
55 75 
43 75 
42 46 
88 50 
17 18 
69 96 
39 72 
68 88 
38 69 
9 53 
62 33 
8 5 
66 92 
31 12 
87 94 
64 42 
69 60 
17 12 
6 58 
14 75 
76 35 
71 68 
7 39 
56 98 
60 18 
51 22 
51 11 
27 18 
3 10 
82 90 
4 98 
84 26 
58 54 
90 17 
12 56 
92 40 
92 64 
60 51 
3 69 
1 64 
87 4 
38 90 
15 18 
8 19 
28 90 
61 33 
89 98 
11 99 
52 1 
16 16 
57 9 
8 1 
73 69 
53 28 
38 54 
44 77 
59 83 
67 26 
53 28 
97 81 
70 59 
66 59 
9 77 
11 61 
78 27 
77 88 
36 85 
89 61 
6 42 
42 96 
49 86 
73 60 
21 93 
38 74 
21 36 
8 91 
47 74 
3 56 
52 14 
17 82 
93 46 
70 30 
83 12 
43 90 
6 85 
38 7 
72 64 
67 45 
57 6 
20 30 
94 28 
73 41 
54 28 
97 58 
94 66 
41 88 
12 63 
70 95 
