22 38 
10 41 
80 5 
92 80 
46 14 
91 87 
71 21 
44 9 
13 66 
93 19 
23 4 
25 44 
69 66 
92 67 
93 12 
54 67 
2 64 
61 34 
69 53 
14 67 
20 5 
55 91 
78 99 
52 43 
17 46 
62 40 
2 39 
84 72 
5 28 
39 50 
92 93 
18 94 
57 79 
28 26 
84 94 
93 56 
51 0 
47 81 
51 52 
24 68 
98 38 
61 0 
77 97 
72 82 
78 63 
33 70 
56 3 
17 65 
34 97 
43 70 
92 89 
27 43 
89 26 
25 41 
78 1 
61 76 
92 22 
29 69 
72 53 
4 50 
17 89 
20 73 
92 37 
91 26 
35 34 
96 79 
23 75 
22 65 
2 99 
6 80 
53 19 
9 45 
42 38 
66 14 
91 70 
16 8 
59 36 
34 3 
26 25 
81 13 
11 30 
92 35 
5 66 
0 7 
18 58 
88 23 
77 97 
68 71 
87 34 
37 78 
57 53 
39 16 
42 25 
72 20 
2 53 
33 13 
83 77 
48 89 
43 0 
48 13 
