79 40 
92 9 
40 76 
99 98 
43 98 
10 47 
79 39 
56 40 
55 45 
31 46 
63 7 
77 96 
21 62 
31 74 
78 69 
3 57 
61 47 
66 1 
75 17 
99 18 
68 9 
65 47 
1 74 
39 8 
19 70 
55 82 
78 84 
78 51 
46 62 
26 24 
83 81 
34 44 
29 52 
45 4 
70 96 
75 90 
57 40 
37 58 
14 76 
67 86 
98 22 
20 76 
6 51 
80 4 
13 6 
81 96 
87 15 
92 68 
67 89 
25 89 
85 0 
79 42 
92 68 
53 7 
44 20 
45 43 
94 65 
71 52 
16 51 
56 81 
9 37 
77 49 
4 21 
17 24 
10 42 
13 95 
94 45 
90 87 
13 43 
46 10 
15 91 
53 9 
56 76 
61 25 
80 69 
6 41 
7 36 
90 63 
57 8 
87 68 
2 1 
15 97 
98 57 
36 11 
0 82 
21 15 
73 26 
76 29 
55 37 
6 35 
7 13 
28 66 
1 19 
29 58 
79 17 
78 33 
70 46 
82 68 
3 18 
31 56 
