34 65 
55 29 
46 26 
61 22 
88 8 
79 27 
83 1 
25 21 
85 78 
45 44 
75 80 
97 68 
91 10 
19 10 
26 14 
40 61 
79 95 
42 77 
73 3 
51 14 
63 30 
41 47 
31 66 
20 17 
44 17 
13 71 
97 62 
39 88 
24 10 
51 51 
24 91 
64 55 
38 6 
32 63 
61 84 
77 25 
66 70 
24 50 
89 44 
19 33 
62 32 
57 11 
94 48 
52 71 
11 3 
22 87 
46 38 
43 36 
44 27 
99 57 
63 29 
82 30 
99 6 
80 88 
3 99 
74 17 
83 83 
28 29 
83 32 
0 94 
35 74 
82 33 
12 77 
69 56 
4 21 
66 68 
50 48 
50 1 
7 82 
90 10 
33 16 
27 16 
99 7 
97 34 
40 98 
29 27 
72 63 
61 37 
40 82 
45 96 
3 11 
16 5 
60 66 
7 67 
0 97 
29 33 
65 8 
1 16 
15 99 
50 7 
49 79 
35 21 
94 48 
58 34 
82 4 
83 86 
67 99 
91 27 
18 98 
46 18 
