9 55 
38 34 
16 59 
27 95 
64 43 
80 24 
49 44 
43 13 
84 72 
76 21 
80 90 
68 33 
86 16 
52 60 
9 74 
3 71 
81 41 
57 97 
52 85 
92 68 
80 24 
93 29 
68 88 
42 4 
61 70 
78 41 
61 46 
26 99 
14 31 
12 76 
5 15 
47 38 
8 4 
35 13 
41 79 
81 21 
3 26 
50 72 
15 45 
28 28 
15 6 
21 76 
4 0 
28 19 
83 40 
47 88 
7 94 
26 67 
50 13 
80 44 
92 14 
17 95 
40 20 
19 7 
65 48 
87 32 
6 9 
61 11 
61 89 
82 44 
81 29 
84 40 
75 62 
7 77 
75 40 
73 67 
54 91 
14 46 
11 34 
54 28 
34 41 
60 92 
2 21 
3 63 
62 37 
7 43 
18 91 
35 45 
53 43 
23 80 
35 96 
47 89 
39 14 
35 2 
48 41 
30 34 
83 43 
26 37 
16 82 
1 31 
19 60 
26 90 
4 62 
35 57 
57 58 
90 92 
7 37 
33 46 
51 20 
49 51 
