82 36 
80 88 
3 95 
5 8 
3 54 
93 42 
1 38 
3 56 
39 10 
59 52 
66 87 
75 60 
0 42 
98 88 
16 44 
51 51 
81 31 
39 36 
27 96 
96 82 
3 41 
76 56 
79 79 
64 18 
89 23 
70 7 
63 45 
19 15 
40 17 
56 8 
14 7 
59 47 
39 50 
35 18 
99 31 
52 54 
72 28 
10 51 
7 26 
21 48 
1 92 
7 16 
89 27 
32 29 
96 40 
38 62 
47 49 
9 38 
52 44 
56 3 
27 8 
57 51 
88 19 
54 95 
45 76 
95 46 
20 3 
63 61 
82 47 
91 78 
87 81 
41 86 
82 2 
25 34 
99 81 
37 26 
42 94 
78 30 
65 84 
78 10 
60 25 
9 32 
28 24 
94 10 
23 37 
41 62 
18 82 
48 0 
36 73 
87 35 
7 76 
62 1 
23 92 
83 88 
76 13 
51 89 
39 60 
21 19 
36 67 
30 59 
4 71 
21 74 
5 21 
27 41 
47 66 
77 54 
42 91 
7 65 
35 42 
54 63 
