35 32 
81 16 
60 80 
0 9 
52 22 
94 51 
1 33 
84 94 
76 40 
29 6 
89 33 
96 92 
53 64 
32 89 
7 38 
4 43 
23 37 
59 35 
17 12 
44 69 
86 90 
73 87 
76 9 
34 4 
1 63 
62 42 
97 59 
34 2 
75 18 
91 83 
57 47 
78 80 
85 89 
15 54 
1 12 
24 40 
54 49 
27 30 
10 13 
87 11 
77 49 
53 26 
8 40 
28 36 
58 71 
19 15 
19 49 
47 4 
38 15 
58 92 
79 34 
32 33 
35 11 
16 45 
25 3 
56 2 
52 62 
80 13 
54 8 
49 12 
79 20 
80 50 
69 79 
54 59 
94 65 
51 73 
51 83 
59 87 
47 75 
32 72 
78 41 
26 82 
55 6 
95 9 
66 96 
73 97 
16 53 
48 37 
33 54 
49 79 
71 0 
5 23 
36 64 
10 83 
91 94 
7 69 
87 85 
3 42 
91 51 
3 57 
47 77 
6 16 
30 54 
53 15 
9 2 
47 32 
55 4 
55 43 
68 17 
26 11 
