75 12 
46 40 
6 26 
9 91 
5 74 
75 51 
5 90 
53 26 
63 78 
23 7 
99 9 
55 75 
28 19 
78 25 
74 37 
40 49 
49 86 
89 8 
12 50 
99 69 
24 26 
73 82 
16 78 
8 32 
57 84 
39 56 
45 94 
83 73 
13 14 
50 87 
51 90 
88 53 
76 77 
13 40 
79 12 
62 3 
39 35 
37 7 
13 98 
39 22 
82 30 
78 27 
24 14 
52 89 
28 2 
28 31 
44 16 
36 72 
93 49 
12 24 
14 26 
28 53 
61 17 
12 27 
15 52 
49 49 
34 80 
28 59 
94 80 
48 74 
34 77 
5 78 
45 42 
2 91 
43 15 
15 57 
93 43 
62 55 
61 75 
34 28 
79 35 
78 13 
15 6 
72 61 
39 73 
35 25 
2 41 
56 99 
35 58 
90 78 
25 6 
36 19 
1 98 
26 14 
25 60 
43 4 
47 73 
18 63 
79 42 
24 70 
67 12 
96 21 
5 52 
21 40 
62 11 
70 88 
17 58 
7 19 
9 33 
85 34 
