22 93 
21 1 
94 48 
7 6 
43 64 
1 24 
64 94 
94 62 
18 57 
75 4 
80 46 
66 32 
63 52 
66 29 
15 52 
64 89 
97 85 
90 92 
34 97 
50 29 
14 51 
54 78 
45 0 
40 16 
58 67 
20 90 
65 38 
22 28 
90 88 
10 57 
93 74 
46 90 
12 89 
34 98 
38 85 
79 52 
88 85 
30 34 
86 22 
50 96 
89 22 
86 55 
61 60 
35 51 
0 45 
9 93 
72 7 
36 36 
96 70 
86 35 
7 65 
39 96 
3 70 
82 89 
44 84 
85 86 
6 23 
93 67 
83 28 
71 83 
26 32 
29 50 
39 17 
38 88 
39 24 
23 47 
89 62 
95 92 
84 77 
33 81 
61 70 
67 19 
93 60 
87 28 
40 58 
64 18 
90 45 
68 81 
62 6 
69 1 
82 44 
0 72 
59 95 
16 95 
24 2 
76 37 
72 95 
57 18 
55 96 
98 48 
54 62 
66 96 
59 87 
29 21 
45 99 
23 28 
95 75 
52 54 
71 20 
2 47 
