99 2 
95 78 
78 71 
31 88 
45 92 
98 85 
98 90 
77 10 
7 0 
49 35 
76 81 
54 36 
19 62 
89 64 
71 77 
97 70 
32 44 
0 10 
15 84 
51 13 
76 1 
98 26 
91 28 
36 50 
80 37 
85 56 
71 39 
45 90 
54 34 
6 25 
12 3 
47 96 
48 0 
58 63 
84 61 
28 12 
63 27 
38 6 
7 27 
57 87 
16 42 
96 87 
34 41 
29 88 
75 87 
13 39 
91 12 
87 39 
12 46 
54 96 
7 35 
60 22 
14 99 
29 21 
78 86 
60 46 
80 56 
86 14 
49 67 
54 77 
55 19 
68 46 
32 56 
37 44 
2 43 
93 9 
78 53 
84 92 
4 13 
65 34 
51 26 
81 31 
34 19 
98 36 
86 4 
13 41 
24 81 
39 56 
37 76 
52 91 
72 45 
53 2 
51 37 
95 55 
50 12 
42 1 
90 23 
84 25 
94 34 
13 80 
39 26 
22 15 
59 61 
71 97 
90 75 
88 14 
73 93 
16 24 
30 63 
31 80 
