34 39 
58 83 
54 71 
55 9 
88 78 
85 88 
84 35 
45 62 
99 15 
41 82 
17 98 
23 45 
38 48 
53 50 
39 14 
18 74 
54 29 
9 60 
0 17 
21 40 
95 58 
28 31 
93 74 
94 44 
41 35 
26 10 
86 2 
8 24 
50 61 
26 41 
75 97 
15 81 
26 77 
41 26 
94 62 
67 41 
20 47 
73 66 
73 67 
10 66 
54 37 
77 40 
91 85 
16 41 
46 95 
82 73 
92 50 
55 18 
27 48 
96 73 
63 15 
66 35 
15 91 
1 88 
10 12 
55 65 
1 84 
57 92 
69 74 
85 67 
69 19 
40 61 
69 47 
31 48 
96 79 
73 59 
95 40 
94 10 
83 96 
50 94 
60 5 
59 61 
89 16 
5 10 
42 90 
77 11 
9 70 
24 79 
17 55 
79 13 
35 53 
24 82 
45 71 
92 28 
67 42 
22 79 
0 33 
40 89 
2 97 
0 44 
87 29 
56 96 
99 32 
27 69 
88 59 
34 75 
64 59 
57 61 
30 1 
89 49 
