98 68 
98 61 
10 12 
1 78 
70 5 
54 56 
2 16 
23 46 
71 35 
7 99 
42 26 
23 12 
15 47 
82 72 
80 21 
12 78 
41 62 
92 51 
74 93 
81 44 
51 87 
53 53 
4 76 
51 75 
12 59 
74 54 
37 49 
18 52 
96 0 
76 76 
74 88 
7 15 
50 51 
67 76 
44 0 
21 47 
88 74 
53 92 
2 4 
19 66 
15 45 
20 52 
94 90 
56 43 
91 32 
71 17 
20 30 
32 22 
81 51 
99 26 
52 72 
25 92 
98 78 
36 52 
83 55 
19 50 
0 39 
3 46 
82 59 
89 25 
44 61 
42 16 
91 74 
39 73 
26 90 
51 30 
14 76 
22 64 
55 58 
16 90 
65 35 
92 17 
27 95 
63 9 
7 53 
34 51 
66 28 
67 57 
2 58 
82 80 
0 33 
62 14 
62 84 
78 69 
94 47 
59 59 
34 51 
76 13 
99 92 
74 58 
45 60 
9 11 
88 28 
20 43 
87 3 
23 39 
36 86 
54 98 
22 84 
67 17 
