1 31 
4 1 
3 94 
51 76 
48 98 
0 63 
47 85 
3 32 
65 36 
91 31 
44 56 
90 64 
13 87 
50 19 
39 95 
14 92 
78 70 
93 81 
16 44 
9 16 
95 61 
80 42 
46 35 
26 64 
23 70 
47 68 
26 38 
32 92 
25 34 
11 16 
81 78 
8 60 
0 2 
41 69 
98 3 
85 93 
64 65 
36 63 
0 62 
79 24 
84 26 
44 11 
64 28 
3 90 
63 66 
6 96 
96 15 
56 97 
69 50 
66 67 
53 51 
13 17 
69 1 
80 69 
15 59 
45 0 
86 41 
63 2 
70 66 
44 85 
84 51 
81 81 
18 90 
30 39 
40 48 
58 93 
99 71 
10 20 
24 43 
42 40 
54 87 
40 92 
81 3 
95 51 
21 39 
88 57 
42 21 
90 12 
11 20 
51 51 
68 62 
44 20 
33 7 
40 58 
2 82 
50 56 
22 90 
49 3 
45 44 
6 18 
35 46 
75 78 
67 66 
90 31 
86 94 
82 7 
56 79 
79 41 
38 71 
51 40 
