67 86 
34 43 
6 55 
58 27 
15 33 
93 57 
75 84 
18 79 
59 73 
36 91 
71 1 
52 27 
36 35 
44 84 
5 59 
35 72 
97 69 
15 4 
76 74 
83 43 
59 28 
0 87 
13 71 
66 24 
44 54 
67 67 
7 19 
95 43 
6 91 
79 11 
2 66 
83 0 
87 99 
56 64 
25 39 
59 36 
19 12 
23 84 
83 42 
8 79 
48 27 
47 56 
99 94 
51 5 
37 83 
17 91 
49 52 
91 37 
3 99 
53 28 
90 12 
17 10 
24 40 
94 59 
34 55 
91 83 
82 90 
91 81 
84 42 
87 73 
25 56 
64 75 
60 8 
64 64 
7 17 
44 98 
29 61 
60 6 
2 54 
65 88 
9 56 
71 92 
46 14 
25 82 
57 64 
7 34 
72 72 
9 33 
32 25 
97 91 
42 41 
89 24 
3 49 
30 57 
56 47 
97 65 
4 69 
9 2 
83 35 
37 92 
99 44 
27 72 
68 88 
57 52 
14 54 
44 8 
47 85 
32 2 
87 62 
11 43 
