50 95 
28 66 
85 79 
38 44 
54 92 
22 27 
36 5 
71 23 
90 73 
32 40 
65 60 
35 32 
55 58 
74 84 
90 15 
26 92 
62 6 
59 47 
85 49 
44 39 
42 66 
18 30 
23 89 
53 13 
62 86 
6 80 
98 93 
12 6 
52 39 
90 94 
6 68 
86 21 
74 97 
20 12 
47 64 
3 41 
31 22 
71 6 
63 76 
72 78 
62 30 
58 61 
23 22 
19 27 
13 9 
21 20 
77 60 
41 3 
9 61 
15 56 
78 71 
49 9 
93 20 
67 8 
97 39 
86 11 
21 96 
24 45 
19 43 
72 84 
52 46 
4 81 
58 97 
85 67 
11 52 
76 89 
75 25 
50 68 
98 69 
29 95 
61 15 
58 82 
12 83 
27 83 
26 52 
67 31 
98 24 
64 8 
73 49 
75 36 
54 3 
25 29 
81 27 
50 79 
97 79 
26 58 
46 84 
40 10 
67 20 
93 46 
72 13 
29 22 
37 93 
30 62 
43 57 
99 49 
61 76 
30 42 
4 80 
21 53 
