6 47 
53 71 
70 76 
73 54 
97 97 
80 59 
92 23 
44 11 
67 21 
34 63 
41 28 
23 65 
34 0 
67 91 
4 15 
60 62 
14 13 
34 36 
89 59 
42 38 
56 23 
49 1 
98 45 
64 65 
67 99 
80 60 
27 3 
25 13 
55 92 
4 59 
59 16 
74 73 
29 60 
62 70 
19 4 
9 75 
79 10 
76 77 
56 41 
94 75 
92 74 
35 71 
29 60 
84 85 
4 89 
96 63 
5 22 
88 87 
82 50 
57 1 
7 18 
29 86 
81 57 
64 37 
50 10 
12 42 
85 47 
13 66 
59 98 
51 63 
39 0 
78 96 
22 66 
83 5 
69 93 
58 76 
63 39 
62 44 
97 78 
33 47 
89 45 
42 26 
44 7 
92 3 
5 96 
18 96 
96 48 
93 18 
15 28 
75 36 
73 34 
12 89 
73 26 
85 22 
5 19 
22 46 
16 64 
24 61 
71 16 
16 29 
64 87 
25 60 
35 70 
31 2 
51 6 
38 24 
92 2 
65 18 
29 3 
40 86 
