10 72 
28 8 
98 4 
9 61 
58 51 
0 97 
80 99 
8 33 
98 42 
88 75 
15 9 
63 74 
54 7 
60 97 
21 63 
73 31 
35 53 
39 85 
58 0 
99 68 
52 99 
65 32 
50 25 
17 48 
20 6 
75 35 
67 38 
61 22 
97 21 
71 19 
37 44 
2 24 
98 94 
10 56 
94 9 
24 46 
60 42 
30 62 
19 48 
63 91 
6 38 
27 73 
29 88 
47 78 
62 18 
97 51 
15 0 
75 65 
94 85 
21 40 
46 97 
87 58 
91 17 
73 63 
65 36 
54 71 
26 33 
45 7 
74 44 
86 88 
15 35 
39 30 
87 14 
95 33 
52 68 
74 50 
17 61 
9 9 
78 34 
24 96 
70 78 
67 48 
64 64 
56 38 
61 94 
78 76 
29 17 
6 17 
83 53 
50 35 
21 76 
86 38 
37 47 
99 68 
81 23 
64 3 
54 83 
3 18 
0 11 
8 61 
5 86 
37 35 
55 95 
4 38 
48 6 
26 69 
83 64 
7 20 
63 7 
40 44 
