10 96 
82 16 
64 79 
52 26 
37 71 
40 0 
91 37 
92 56 
78 34 
71 46 
61 80 
77 10 
51 76 
14 60 
81 47 
68 44 
43 2 
60 60 
81 12 
38 71 
84 78 
23 27 
15 15 
83 45 
1 7 
92 63 
39 69 
25 42 
97 40 
2 79 
39 23 
23 34 
25 83 
46 59 
47 84 
30 83 
14 5 
63 81 
20 46 
27 73 
5 71 
36 96 
92 62 
39 90 
54 93 
69 45 
16 44 
79 94 
79 26 
53 78 
10 83 
62 77 
88 25 
58 60 
23 37 
33 81 
8 22 
77 1 
36 68 
91 42 
62 12 
87 30 
56 66 
24 87 
44 77 
65 7 
12 27 
84 52 
4 94 
64 80 
32 50 
61 40 
24 38 
41 60 
59 84 
54 21 
96 41 
51 4 
59 28 
91 56 
5 9 
63 70 
88 47 
22 93 
41 87 
73 73 
89 86 
66 13 
76 59 
73 35 
44 79 
56 92 
72 60 
49 83 
40 92 
39 45 
1 2 
67 90 
49 90 
35 43 
