79 80 
32 9 
7 46 
47 90 
33 70 
92 22 
32 28 
65 27 
22 39 
73 16 
78 62 
78 46 
97 50 
83 65 
46 53 
34 25 
33 18 
34 40 
16 34 
30 50 
56 22 
72 88 
2 89 
15 24 
81 88 
93 59 
3 23 
5 0 
73 89 
66 19 
94 0 
97 27 
70 83 
19 86 
17 49 
36 73 
23 61 
61 25 
50 76 
1 31 
17 94 
42 20 
17 48 
20 90 
89 38 
62 83 
38 11 
10 60 
94 81 
47 12 
30 83 
37 5 
44 99 
30 47 
27 31 
30 44 
78 73 
16 95 
73 89 
38 62 
27 52 
45 18 
63 7 
78 9 
88 25 
73 70 
9 11 
27 5 
62 57 
52 89 
40 35 
86 70 
8 54 
18 33 
43 8 
95 71 
60 92 
89 75 
51 67 
84 91 
45 10 
13 6 
21 40 
11 35 
49 16 
76 41 
51 14 
12 11 
69 30 
44 12 
38 91 
35 50 
83 76 
77 86 
96 13 
77 41 
23 90 
47 96 
82 10 
31 31 
