29 12 
63 16 
27 32 
95 35 
18 83 
64 22 
31 16 
18 68 
87 66 
78 8 
55 95 
94 45 
69 24 
77 76 
67 79 
56 96 
44 19 
65 71 
3 12 
6 21 
47 22 
96 78 
38 14 
46 77 
32 25 
37 87 
72 32 
84 42 
8 13 
70 75 
93 26 
23 37 
97 40 
8 53 
4 66 
74 52 
88 22 
30 79 
36 29 
56 20 
54 94 
60 78 
78 96 
72 86 
10 42 
13 3 
20 88 
40 18 
29 0 
71 85 
66 97 
37 6 
20 20 
85 8 
49 42 
81 55 
36 41 
33 66 
37 6 
52 47 
0 17 
2 21 
5 42 
91 34 
94 14 
72 12 
63 9 
19 83 
29 4 
44 78 
98 77 
85 86 
18 19 
52 7 
77 56 
55 77 
73 57 
50 79 
52 93 
65 98 
7 37 
11 71 
47 30 
6 28 
86 2 
59 37 
79 44 
23 97 
15 76 
57 44 
84 64 
22 58 
21 24 
37 25 
18 54 
76 77 
92 87 
48 91 
69 55 
71 7 
