54 98 
70 65 
17 79 
28 90 
93 9 
72 92 
49 23 
2 14 
97 31 
1 93 
51 95 
83 19 
3 55 
85 99 
48 90 
44 2 
40 14 
68 57 
93 96 
99 39 
57 23 
83 59 
47 37 
73 44 
68 74 
90 71 
22 73 
90 77 
80 75 
76 28 
18 21 
31 58 
87 99 
68 81 
47 67 
72 56 
91 55 
15 90 
44 88 
86 12 
15 76 
36 37 
2 26 
14 34 
54 42 
63 72 
15 46 
82 3 
45 50 
36 44 
18 8 
0 61 
15 68 
3 59 
8 89 
23 23 
18 59 
12 72 
38 78 
58 44 
21 21 
16 36 
67 50 
91 64 
1 27 
60 71 
87 13 
84 2 
81 87 
13 89 
28 89 
65 98 
0 77 
22 38 
56 81 
82 29 
2 50 
17 22 
1 9 
38 54 
36 51 
25 76 
64 9 
78 97 
48 44 
86 76 
85 3 
75 85 
81 97 
24 89 
78 58 
18 33 
61 87 
7 14 
96 45 
68 85 
96 45 
61 12 
6 91 
9 54 
