90 96 
58 35 
45 30 
69 7 
30 47 
88 17 
45 56 
26 98 
44 74 
50 35 
14 92 
93 80 
70 86 
15 33 
89 56 
95 79 
4 6 
15 49 
88 36 
9 18 
83 49 
87 29 
5 13 
79 1 
40 81 
36 54 
73 29 
86 43 
67 2 
29 56 
58 76 
88 14 
82 3 
16 22 
91 25 
92 74 
26 80 
55 31 
45 87 
84 85 
68 20 
91 94 
1 78 
89 68 
80 18 
24 90 
47 12 
4 81 
67 20 
4 58 
97 96 
85 23 
28 92 
6 74 
31 90 
59 52 
62 3 
46 63 
81 87 
83 61 
6 8 
3 53 
72 7 
86 92 
80 90 
50 29 
87 87 
5 15 
80 11 
41 63 
54 53 
15 68 
56 13 
32 37 
1 15 
50 59 
75 53 
64 0 
12 50 
92 44 
41 94 
74 80 
82 31 
47 14 
94 89 
77 48 
42 45 
17 98 
58 1 
87 59 
68 37 
18 96 
42 34 
96 54 
85 40 
51 78 
34 77 
58 68 
8 5 
34 2 
