38 37 
22 71 
35 9 
27 95 
5 74 
17 13 
85 38 
54 93 
97 25 
43 52 
98 29 
77 87 
27 2 
9 18 
45 32 
53 35 
69 75 
59 57 
36 86 
52 42 
61 69 
55 98 
59 61 
44 9 
39 87 
61 37 
17 38 
25 96 
93 86 
66 90 
18 19 
25 40 
46 84 
97 82 
23 1 
24 84 
70 32 
82 82 
93 26 
91 32 
66 4 
22 35 
43 99 
83 88 
85 49 
78 4 
68 3 
44 66 
40 93 
48 63 
94 25 
47 16 
9 81 
98 54 
60 41 
39 26 
46 61 
13 41 
12 96 
29 97 
45 7 
53 65 
62 49 
31 2 
42 31 
17 36 
56 16 
5 17 
98 3 
72 58 
45 63 
36 43 
76 49 
84 88 
97 65 
37 42 
24 91 
59 86 
92 90 
41 35 
73 10 
23 82 
27 28 
99 25 
84 23 
35 81 
86 23 
24 62 
24 60 
2 21 
77 40 
15 1 
31 74 
39 75 
16 80 
10 89 
91 86 
23 70 
66 23 
47 2 
