43 51 
86 86 
87 7 
76 11 
23 84 
23 53 
99 27 
1 47 
0 64 
55 0 
53 29 
42 65 
46 10 
2 44 
61 72 
85 4 
75 23 
42 14 
83 19 
26 58 
3 49 
11 54 
77 64 
2 77 
28 9 
29 33 
90 24 
51 88 
34 53 
32 47 
78 70 
3 53 
45 46 
68 28 
17 46 
38 20 
95 49 
26 24 
66 80 
53 94 
41 35 
80 31 
59 31 
72 45 
36 4 
93 14 
26 96 
20 72 
94 40 
52 11 
86 91 
83 81 
92 10 
6 58 
90 11 
5 32 
46 85 
15 5 
16 87 
51 52 
44 96 
19 22 
92 39 
94 87 
79 47 
98 17 
90 82 
98 82 
44 56 
41 34 
68 46 
18 66 
31 86 
72 99 
25 75 
3 69 
71 74 
92 15 
13 38 
54 44 
37 53 
61 27 
87 12 
10 83 
20 3 
69 40 
49 88 
7 32 
26 31 
83 51 
6 86 
21 29 
61 65 
44 26 
3 99 
23 93 
4 36 
20 43 
48 82 
26 69 
