38 10 
51 74 
58 15 
90 6 
75 4 
62 41 
94 55 
0 55 
32 45 
21 67 
24 12 
73 58 
56 64 
17 56 
12 67 
24 50 
29 75 
76 88 
90 18 
46 17 
74 60 
10 69 
15 10 
76 48 
8 97 
15 32 
9 41 
90 18 
57 59 
74 70 
78 98 
72 8 
25 1 
48 15 
19 94 
85 94 
7 95 
15 22 
6 91 
22 14 
89 38 
98 50 
31 40 
68 88 
0 95 
10 30 
45 35 
90 71 
36 38 
38 7 
85 23 
1 92 
71 16 
66 77 
60 89 
43 1 
79 41 
51 10 
81 72 
50 33 
67 61 
16 64 
48 6 
35 84 
97 26 
43 82 
1 45 
26 72 
13 92 
1 73 
33 96 
26 12 
89 78 
22 23 
2 25 
56 69 
86 24 
85 86 
31 73 
22 28 
99 65 
62 52 
10 88 
77 76 
32 30 
1 66 
27 28 
78 68 
6 53 
91 60 
78 0 
29 16 
24 66 
2 55 
39 24 
35 90 
89 97 
43 52 
37 72 
28 70 
