96 82 
72 97 
23 22 
60 50 
90 37 
69 76 
63 30 
89 84 
69 52 
21 1 
7 73 
44 94 
7 16 
67 38 
49 80 
60 45 
14 84 
43 90 
6 55 
40 48 
92 61 
24 56 
92 13 
40 61 
17 13 
62 25 
38 58 
71 46 
74 38 
36 23 
19 96 
21 85 
80 16 
75 38 
71 67 
86 63 
29 63 
71 21 
28 63 
34 46 
77 48 
71 67 
6 42 
13 32 
32 1 
8 3 
97 29 
89 29 
45 64 
67 68 
32 6 
83 13 
69 55 
86 97 
70 20 
43 99 
20 66 
67 26 
60 32 
10 45 
34 18 
48 31 
99 37 
13 96 
54 80 
64 38 
38 48 
51 7 
55 37 
57 77 
9 52 
77 29 
19 96 
7 31 
28 17 
76 14 
88 25 
98 39 
14 11 
88 68 
43 4 
58 82 
4 9 
41 59 
98 98 
89 7 
51 66 
88 22 
14 95 
5 94 
65 82 
9 5 
59 7 
44 73 
18 84 
94 61 
89 52 
43 93 
14 85 
5 64 
