91 4 
87 77 
65 19 
47 81 
68 48 
1 8 
38 90 
39 98 
8 30 
58 34 
41 69 
78 76 
67 73 
87 4 
63 41 
55 6 
97 94 
83 14 
66 83 
95 86 
31 49 
94 21 
91 34 
20 99 
16 30 
85 58 
99 63 
86 18 
88 25 
22 51 
18 30 
58 16 
76 93 
82 94 
76 78 
81 59 
79 27 
33 70 
61 53 
69 30 
35 6 
88 86 
69 26 
5 10 
52 79 
61 70 
9 71 
38 38 
17 21 
32 45 
51 13 
57 30 
41 90 
0 54 
43 21 
84 78 
27 24 
16 48 
3 21 
58 55 
1 72 
77 62 
95 68 
0 12 
89 85 
10 92 
98 67 
22 91 
57 74 
98 52 
47 82 
82 26 
59 98 
26 62 
20 85 
69 73 
9 98 
35 4 
66 88 
17 7 
73 27 
99 71 
46 73 
15 3 
99 13 
55 46 
47 37 
24 6 
35 51 
20 7 
88 41 
80 97 
40 16 
1 58 
4 70 
66 77 
49 17 
0 95 
91 67 
50 42 
