0 2 
95 92 
85 33 
92 56 
22 49 
89 23 
65 0 
75 12 
18 46 
88 95 
77 12 
48 19 
81 4 
98 49 
77 10 
36 29 
64 31 
21 2 
16 66 
10 91 
15 99 
14 33 
51 41 
45 70 
87 85 
17 17 
49 17 
88 30 
73 38 
31 2 
1 19 
32 65 
50 5 
19 19 
71 30 
62 39 
81 76 
72 85 
69 17 
7 9 
54 24 
78 3 
93 66 
85 66 
4 16 
68 5 
35 52 
23 37 
58 94 
8 29 
76 70 
68 58 
98 92 
43 68 
61 2 
29 15 
26 7 
70 71 
73 55 
37 29 
23 57 
87 10 
10 10 
48 68 
56 8 
49 33 
79 70 
43 29 
62 38 
97 76 
40 78 
43 18 
85 14 
89 10 
69 78 
40 45 
35 27 
55 45 
89 3 
65 45 
64 67 
78 43 
37 73 
72 51 
11 22 
79 51 
0 23 
21 38 
37 10 
48 58 
88 40 
3 76 
67 59 
73 56 
14 91 
54 78 
58 84 
73 47 
58 98 
50 21 
