73 31 
25 59 
29 99 
53 90 
70 87 
28 8 
71 75 
96 30 
55 85 
69 50 
87 75 
92 55 
1 20 
64 97 
58 84 
77 83 
67 2 
42 97 
2 47 
39 72 
86 67 
32 9 
42 80 
40 49 
65 9 
52 4 
36 44 
60 38 
16 24 
35 74 
60 13 
9 28 
67 3 
77 21 
50 16 
45 88 
35 77 
98 29 
57 90 
79 75 
51 31 
79 88 
27 91 
78 43 
16 13 
69 28 
78 78 
56 98 
81 33 
19 83 
1 65 
71 36 
94 21 
18 4 
11 97 
79 63 
80 10 
3 7 
2 81 
2 70 
46 71 
98 77 
49 55 
75 82 
40 46 
17 94 
11 40 
82 58 
62 0 
62 73 
97 41 
88 29 
3 91 
88 5 
72 90 
75 19 
61 74 
96 62 
81 23 
96 73 
69 13 
67 33 
54 50 
91 68 
50 5 
41 0 
98 30 
29 1 
73 70 
7 46 
60 34 
17 74 
8 65 
36 41 
88 85 
15 9 
98 34 
42 4 
84 85 
72 87 
