36 22 
90 12 
31 57 
14 67 
73 76 
86 0 
65 67 
32 14 
71 9 
62 96 
42 84 
45 52 
86 35 
28 97 
66 87 
68 2 
61 58 
66 92 
68 80 
11 41 
56 50 
42 73 
17 26 
88 88 
35 50 
36 29 
34 82 
81 72 
69 62 
22 35 
49 90 
37 10 
1 3 
55 69 
83 18 
10 91 
68 4 
65 86 
30 53 
26 17 
55 63 
47 41 
97 80 
13 66 
42 87 
1 43 
78 90 
6 79 
45 61 
0 80 
79 62 
71 48 
67 88 
86 49 
93 64 
19 48 
79 18 
41 76 
98 55 
94 41 
42 47 
36 72 
37 42 
3 34 
3 3 
14 35 
66 38 
35 85 
78 21 
86 72 
37 5 
72 17 
23 14 
45 74 
21 40 
67 15 
87 3 
88 77 
46 91 
11 1 
47 78 
36 13 
68 71 
50 46 
44 36 
70 82 
42 95 
99 17 
61 96 
91 34 
36 58 
1 76 
62 89 
53 8 
33 16 
9 32 
94 98 
97 14 
69 47 
13 14 
