81 72 
37 0 
40 24 
85 15 
18 97 
83 15 
61 86 
46 13 
33 53 
46 10 
56 44 
1 99 
18 56 
53 51 
8 60 
71 90 
32 8 
90 25 
85 27 
40 3 
24 75 
71 85 
61 17 
51 94 
70 49 
57 78 
93 10 
77 11 
66 82 
14 75 
42 38 
17 75 
46 59 
0 83 
86 40 
39 11 
67 10 
48 28 
27 51 
75 97 
1 32 
28 46 
42 5 
10 61 
88 24 
88 30 
14 57 
57 61 
16 57 
96 2 
49 35 
65 16 
45 14 
97 24 
65 24 
22 18 
56 50 
65 50 
7 75 
63 95 
51 3 
78 66 
60 35 
79 76 
45 75 
31 94 
63 96 
63 60 
10 60 
85 28 
84 7 
46 92 
9 11 
94 68 
38 58 
64 90 
61 94 
56 74 
29 87 
50 74 
62 81 
21 77 
30 84 
38 92 
96 23 
20 32 
82 19 
24 43 
82 70 
11 21 
80 27 
11 94 
21 19 
68 3 
6 18 
29 20 
52 50 
98 82 
86 88 
74 82 
