14 78 
28 30 
68 91 
49 61 
12 56 
44 76 
65 88 
2 31 
78 86 
26 17 
71 46 
13 10 
78 23 
98 15 
97 24 
26 11 
2 54 
94 22 
45 95 
84 9 
3 80 
86 20 
69 88 
51 47 
75 30 
65 46 
28 30 
8 6 
54 58 
73 3 
82 99 
14 85 
5 60 
59 2 
56 95 
12 59 
76 98 
32 45 
86 35 
44 13 
65 61 
11 93 
44 20 
52 98 
30 77 
1 13 
29 67 
50 34 
80 9 
37 36 
5 49 
47 33 
47 79 
78 85 
15 74 
51 32 
36 14 
26 80 
86 30 
30 17 
7 83 
30 36 
2 32 
23 82 
41 60 
70 98 
61 18 
31 8 
49 61 
45 16 
36 48 
49 24 
63 27 
56 49 
9 86 
66 16 
21 48 
5 23 
80 28 
6 74 
40 76 
72 1 
46 56 
61 48 
69 6 
64 57 
7 65 
81 70 
44 89 
71 53 
27 90 
22 48 
38 27 
24 19 
7 30 
45 47 
58 69 
48 57 
25 9 
5 95 
