82 89 
85 42 
86 34 
62 90 
14 70 
41 17 
97 17 
30 99 
75 86 
77 90 
44 47 
87 91 
77 58 
88 16 
5 1 
61 40 
91 98 
82 29 
84 96 
20 98 
66 61 
16 16 
30 46 
15 57 
84 93 
48 81 
92 35 
72 22 
93 13 
38 51 
66 51 
91 9 
49 25 
39 34 
21 11 
84 39 
72 52 
7 54 
99 23 
12 35 
68 60 
16 12 
95 41 
34 40 
6 72 
43 72 
75 34 
82 25 
11 73 
11 84 
84 47 
24 56 
0 31 
62 51 
6 74 
86 26 
34 3 
91 81 
96 25 
74 2 
50 17 
74 25 
52 8 
2 15 
81 65 
0 65 
13 76 
73 13 
59 36 
64 18 
62 2 
44 49 
5 35 
30 53 
13 4 
55 63 
74 82 
40 78 
90 95 
93 72 
60 93 
89 73 
69 63 
38 81 
51 2 
99 13 
5 43 
14 62 
31 97 
16 44 
53 23 
59 27 
5 99 
5 96 
46 99 
20 7 
44 9 
80 66 
24 71 
47 27 
