46 8 
86 68 
88 51 
12 24 
70 82 
69 89 
37 82 
43 94 
17 11 
9 69 
56 79 
29 50 
71 46 
80 15 
41 22 
15 39 
30 1 
8 18 
52 72 
95 22 
55 64 
63 92 
99 7 
38 68 
70 48 
37 26 
27 18 
28 50 
17 8 
17 58 
31 32 
98 13 
33 58 
32 37 
30 79 
12 37 
43 75 
81 42 
34 20 
11 4 
68 0 
82 47 
71 11 
49 88 
71 66 
98 54 
98 96 
68 83 
6 52 
20 89 
31 84 
26 74 
60 8 
69 94 
80 32 
99 0 
84 81 
99 55 
44 48 
95 16 
14 94 
22 64 
42 90 
47 49 
42 19 
38 25 
4 64 
0 64 
24 21 
10 4 
53 61 
4 37 
43 3 
45 39 
3 40 
7 17 
86 30 
33 29 
72 80 
78 67 
52 16 
92 56 
32 92 
72 57 
65 82 
13 18 
44 70 
8 39 
25 53 
78 29 
45 38 
46 32 
20 32 
61 92 
64 39 
59 16 
7 52 
72 91 
96 44 
48 62 
