0 86 
8 68 
5 6 
11 1 
67 38 
91 94 
15 83 
33 93 
47 99 
82 61 
59 79 
96 30 
95 83 
98 51 
20 60 
24 72 
98 84 
92 4 
91 4 
5 10 
94 49 
4 9 
32 37 
55 79 
88 37 
92 99 
68 40 
30 15 
76 80 
66 96 
40 43 
20 38 
27 12 
94 70 
68 0 
80 62 
1 84 
24 33 
73 79 
65 14 
68 9 
13 89 
2 95 
4 78 
75 23 
26 15 
66 46 
6 45 
10 0 
16 31 
52 48 
93 53 
33 69 
39 58 
48 56 
72 17 
17 38 
6 19 
33 62 
97 61 
85 23 
28 3 
21 86 
49 84 
87 17 
15 91 
65 60 
97 50 
30 88 
9 78 
44 33 
47 61 
71 5 
33 57 
20 30 
70 5 
6 98 
61 79 
85 62 
63 24 
79 30 
67 96 
91 64 
47 21 
52 8 
51 96 
41 51 
10 65 
56 43 
22 76 
25 44 
34 83 
42 95 
63 79 
9 26 
3 40 
57 23 
36 0 
87 35 
21 40 
