97 55 
15 11 
70 65 
68 13 
53 27 
11 1 
30 63 
79 15 
80 30 
51 33 
9 48 
93 0 
52 0 
12 64 
99 63 
59 48 
70 74 
60 93 
92 80 
6 97 
8 17 
51 90 
81 30 
5 13 
60 56 
99 21 
56 92 
73 60 
92 85 
24 43 
1 35 
92 23 
62 4 
16 6 
84 23 
55 92 
40 6 
34 73 
36 39 
87 48 
47 86 
22 3 
78 95 
64 22 
33 40 
17 34 
28 61 
9 42 
65 78 
0 50 
1 55 
94 93 
62 29 
19 50 
20 6 
51 68 
44 73 
71 22 
20 87 
96 53 
80 13 
39 60 
75 1 
2 40 
79 2 
42 32 
9 37 
25 71 
18 44 
74 38 
2 25 
6 46 
50 30 
20 70 
69 68 
76 1 
82 67 
61 9 
68 15 
1 47 
69 44 
79 79 
33 57 
2 3 
1 28 
41 56 
5 0 
54 55 
82 27 
78 3 
95 6 
5 29 
73 18 
38 42 
86 92 
89 55 
36 21 
86 21 
78 89 
24 31 
