19 80 
99 86 
46 48 
48 67 
81 77 
14 42 
58 52 
37 49 
60 34 
22 84 
38 81 
21 22 
53 43 
40 32 
96 9 
1 16 
89 0 
54 36 
0 3 
3 81 
80 69 
76 90 
22 65 
92 34 
51 14 
18 89 
47 91 
11 1 
34 51 
85 31 
60 86 
99 2 
86 53 
38 86 
8 41 
19 40 
62 95 
83 84 
13 75 
18 64 
41 88 
54 89 
79 17 
42 66 
21 27 
97 33 
13 96 
35 51 
49 73 
89 10 
66 60 
50 81 
8 33 
65 21 
60 36 
85 54 
76 39 
43 56 
9 85 
74 30 
64 71 
63 29 
19 99 
80 20 
24 21 
30 43 
81 33 
24 89 
18 41 
62 79 
29 48 
33 6 
39 28 
62 48 
65 88 
30 29 
59 94 
58 78 
45 90 
98 21 
11 81 
16 44 
14 40 
86 32 
34 48 
63 63 
96 96 
69 88 
76 83 
36 41 
71 19 
70 30 
13 28 
60 10 
18 11 
83 81 
44 0 
26 58 
92 64 
42 26 
