70 10 
26 49 
98 27 
77 58 
63 81 
40 54 
70 42 
30 74 
96 83 
3 17 
50 42 
12 97 
13 52 
17 58 
49 2 
16 19 
12 94 
68 63 
73 97 
21 37 
78 14 
43 0 
56 73 
74 4 
57 30 
21 59 
24 34 
9 37 
38 78 
95 39 
80 63 
58 45 
58 78 
8 31 
75 29 
68 5 
43 63 
6 51 
37 32 
55 94 
14 77 
5 38 
63 66 
75 53 
45 23 
44 77 
86 2 
22 96 
32 82 
28 7 
12 48 
64 7 
12 70 
59 49 
55 66 
95 69 
95 52 
60 58 
71 87 
63 16 
10 7 
93 49 
61 68 
45 93 
50 25 
52 14 
26 17 
74 90 
39 85 
39 46 
51 86 
16 47 
90 28 
57 61 
15 73 
29 26 
80 75 
27 94 
43 72 
39 45 
98 44 
12 76 
61 86 
66 52 
71 57 
99 22 
95 67 
21 85 
95 79 
99 10 
52 28 
36 84 
3 15 
30 98 
88 70 
44 38 
14 56 
14 27 
94 80 
79 65 
