71 19 
7 57 
16 50 
90 44 
89 20 
82 10 
39 11 
61 2 
58 24 
94 69 
15 68 
27 76 
92 32 
46 49 
25 97 
13 48 
17 20 
57 33 
23 99 
77 12 
71 59 
74 11 
22 36 
13 33 
60 59 
2 28 
27 81 
56 19 
13 2 
68 90 
0 34 
38 69 
54 47 
2 77 
46 32 
42 18 
43 68 
81 18 
56 46 
51 69 
57 53 
97 85 
34 53 
56 99 
55 77 
90 7 
11 80 
76 17 
28 31 
47 26 
63 41 
44 58 
9 77 
76 66 
75 27 
35 33 
32 32 
70 18 
85 78 
18 92 
55 60 
52 18 
40 80 
36 20 
11 83 
47 26 
76 43 
37 85 
21 13 
51 48 
93 38 
33 25 
70 3 
96 7 
82 14 
52 89 
74 56 
8 66 
36 44 
87 48 
79 34 
26 55 
77 63 
92 50 
29 96 
51 22 
34 84 
99 57 
88 95 
16 22 
61 20 
11 35 
76 19 
2 13 
15 41 
13 46 
75 91 
53 4 
55 46 
7 84 
