8 48 
54 63 
67 24 
36 99 
74 21 
96 61 
90 80 
1 51 
75 34 
90 36 
9 17 
54 0 
17 60 
67 35 
58 81 
21 66 
29 75 
81 97 
99 18 
96 25 
91 44 
38 33 
76 40 
37 51 
26 79 
39 35 
96 93 
87 13 
5 55 
1 63 
36 22 
81 18 
49 63 
15 0 
33 63 
25 76 
7 63 
61 83 
55 98 
86 82 
78 25 
69 26 
71 57 
92 28 
12 93 
92 0 
67 25 
70 16 
40 85 
16 25 
0 93 
53 7 
8 15 
42 64 
13 28 
98 43 
6 19 
70 77 
76 62 
5 40 
7 49 
41 74 
27 63 
90 67 
49 58 
45 49 
3 98 
9 11 
13 3 
27 79 
32 77 
22 90 
97 44 
67 73 
58 24 
14 17 
26 7 
91 53 
70 33 
20 71 
43 65 
73 46 
64 34 
10 29 
37 37 
8 21 
67 83 
11 64 
79 78 
89 38 
55 55 
55 81 
14 99 
34 85 
32 6 
8 28 
72 33 
74 88 
67 36 
69 5 
