38 72 
30 20 
65 12 
88 14 
97 2 
19 1 
4 74 
28 17 
42 96 
17 35 
12 76 
19 17 
71 84 
95 36 
93 16 
18 31 
88 48 
52 5 
61 92 
19 10 
94 39 
64 50 
65 92 
67 7 
40 36 
94 52 
12 13 
69 36 
49 16 
72 43 
32 91 
74 72 
91 78 
78 4 
70 49 
15 16 
40 79 
67 6 
23 34 
13 63 
23 60 
16 87 
25 37 
23 75 
54 48 
18 38 
91 44 
63 82 
23 93 
87 45 
42 54 
62 83 
33 29 
89 56 
15 54 
19 90 
66 87 
78 92 
25 53 
67 31 
1 37 
69 44 
81 84 
27 56 
77 66 
54 72 
20 16 
55 53 
97 96 
61 64 
2 32 
55 69 
20 85 
13 97 
90 32 
28 44 
69 49 
88 2 
34 67 
11 63 
33 65 
35 5 
33 42 
10 30 
90 71 
46 93 
4 53 
14 76 
38 79 
25 81 
11 5 
25 32 
6 13 
34 92 
33 45 
56 18 
10 43 
24 43 
86 34 
25 76 
