17 30 
48 60 
37 15 
60 38 
19 80 
40 30 
90 22 
46 70 
50 63 
97 25 
58 31 
83 63 
18 88 
93 5 
25 8 
65 94 
90 13 
6 80 
29 66 
70 0 
99 10 
30 41 
85 29 
11 35 
92 61 
12 2 
92 48 
17 10 
36 62 
68 13 
23 33 
7 65 
47 14 
45 28 
32 15 
80 31 
26 62 
73 11 
91 36 
98 35 
97 10 
90 89 
58 59 
52 46 
22 72 
59 45 
5 19 
62 4 
33 8 
84 65 
23 64 
49 49 
27 22 
12 70 
10 10 
58 8 
73 48 
49 83 
7 53 
30 81 
25 41 
78 31 
60 41 
87 93 
49 72 
11 24 
36 60 
26 15 
34 38 
86 44 
49 44 
4 22 
44 54 
57 3 
7 87 
85 85 
29 15 
16 89 
56 55 
35 57 
27 46 
82 16 
58 8 
31 44 
46 69 
40 47 
65 45 
21 61 
51 79 
65 10 
18 2 
95 47 
17 63 
89 26 
19 24 
35 98 
22 69 
14 80 
77 98 
24 76 
