21 51 
91 53 
76 58 
33 25 
56 75 
67 1 
29 47 
1 42 
79 60 
16 38 
79 42 
68 95 
91 27 
70 20 
20 24 
48 41 
27 91 
47 4 
2 80 
81 58 
7 49 
11 37 
48 64 
79 27 
76 47 
65 7 
89 86 
2 32 
13 73 
5 33 
49 5 
26 29 
97 25 
85 99 
58 66 
9 65 
67 72 
2 16 
36 33 
95 64 
80 13 
71 22 
99 73 
54 64 
98 59 
97 0 
65 75 
29 14 
1 14 
65 59 
32 26 
76 0 
98 79 
68 86 
64 15 
2 45 
28 73 
19 79 
46 73 
43 97 
85 92 
97 2 
20 26 
68 73 
92 33 
84 24 
11 60 
24 9 
91 44 
47 56 
60 49 
53 88 
74 72 
20 72 
97 15 
69 82 
60 66 
36 80 
44 4 
53 36 
89 37 
61 0 
97 37 
61 41 
82 60 
97 42 
9 2 
82 83 
26 54 
8 23 
70 77 
58 30 
96 94 
10 40 
51 15 
29 40 
52 42 
93 1 
79 54 
42 13 
