93 96 
94 49 
32 84 
86 21 
0 82 
47 22 
42 67 
47 26 
39 36 
40 90 
22 72 
14 16 
53 0 
9 69 
25 27 
75 18 
23 69 
20 7 
54 6 
29 6 
89 28 
80 83 
95 79 
61 34 
15 53 
76 89 
25 43 
5 78 
43 66 
0 68 
93 75 
87 69 
45 59 
76 51 
65 57 
9 6 
85 89 
41 80 
68 3 
66 35 
56 95 
76 34 
38 33 
64 81 
99 64 
2 44 
40 41 
13 37 
0 42 
40 65 
99 49 
24 85 
90 65 
17 58 
20 36 
45 29 
31 21 
63 21 
54 27 
54 53 
44 56 
97 36 
97 63 
25 97 
5 65 
15 4 
66 39 
41 56 
56 59 
14 77 
47 59 
6 78 
80 21 
51 86 
0 5 
91 44 
62 40 
80 59 
3 5 
9 60 
22 24 
65 88 
15 6 
44 71 
17 10 
0 64 
21 6 
94 53 
79 45 
39 80 
3 30 
76 65 
71 9 
76 26 
66 85 
87 89 
61 4 
29 28 
62 74 
0 80 
